<?xml version="1.0"?>
<opencv_storage>
  <acc>0.578231</acc>
<layer_neuron_num>
  26 50 2</layer_neuron_num>
<learning_rate>5.0000000000000001e-03</learning_rate>
<activation_function>tanh</activation_function>
<weight_0 type_id="opencv-matrix">
  <rows>50</rows>
  <cols>26</cols>
  <dt>f</dt>
  <data>
    4.66587603e-01 -5.88557720e-01 -4.57576036e-01 -7.98695028e-01
    -3.92599218e-02 -4.03698534e-01 4.65424031e-01 3.34724277e-01
    7.67849863e-01 4.88692731e-01 -6.44357800e-01 -1.37822285e-01
    1.49233848e-01 -9.18966949e-01 -9.71797764e-01 8.86512637e-01
    -6.05152845e-01 -5.99146962e-01 -4.28018510e-01 -2.04184532e-01
    -5.70403039e-01 -1.19991705e-01 -2.89784908e-01 -4.01570164e-02
    2.94937879e-01 -1.99402225e+00 8.85944188e-01 1.23711753e+00
    1.36548030e+00 -1.07740951e+00 4.74470109e-01 7.51399219e-01
    3.03944647e-01 7.44303882e-01 -6.36953235e-01 7.98631966e-01
    -8.00261557e-01 4.75157440e-01 5.06961755e-02 4.96935427e-01
    3.59889627e-01 4.95459378e-01 8.47168192e-02 -2.24161580e-01
    -6.22158468e-01 1.31505758e-01 4.98080432e-01 9.24111247e-01
    -1.19714653e+00 5.45677543e-01 5.05990207e-01 -3.90649557e-01
    -1.93446577e-01 7.15165317e-01 2.69721317e+00 8.65620553e-01
    5.09631968e+00 -2.41626024e+00 4.35896754e-01 1.65405178e+00
    1.20484722e+00 7.53889620e-01 -8.52413237e-01 2.55159736e-01
    1.90511853e-01 1.03173518e+00 -8.90352130e-01 6.88518107e-01
    5.11618912e-01 -2.46688440e-01 1.17168987e+00 4.41504955e-01
    7.71525025e-01 -3.86347234e-01 4.41289097e-01 -5.93848117e-02
    6.56634748e-01 2.72679478e-01 -1.36641860e+00 -2.54436922e+00
    5.69243968e-01 -2.98194957e+00 2.29206109e+00 -9.78705168e-01
    -4.63247824e+00 -3.79729724e+00 -2.77035642e+00 1.53362024e+00
    -3.09226573e-01 -8.35913777e-01 6.73077881e-01 6.31040156e-01
    -1.52586401e+00 -1.40507174e+00 -6.20860279e-01 5.43132424e-01
    2.85775661e+00 -1.60154653e+00 1.96710932e+00 -7.68297076e-01
    -1.62724710e+00 -1.89064932e+00 1.47126102e+00 -1.25002468e+00
    -2.68115044e+00 -3.68658066e+00 2.85790730e+00 -6.23699963e-01
    -4.13125962e-01 -4.82689714e+00 -6.89730942e-01 5.65362573e-01
    -2.27709222e+00 -1.01164050e-01 1.35616219e+00 -7.88272679e-01
    -2.11310193e-01 -6.70367837e-01 -6.55685604e-01 1.38625428e-01
    -8.83074641e-01 -1.77450705e+00 1.79238927e+00 3.81415069e-01
    7.36376107e-01 7.88549364e-01 -1.58775532e+00 -1.14656353e+00
    3.36463183e-01 9.74669039e-01 -2.22592935e-01 -6.93333685e-01
    -1.02786863e+00 -2.32685852e+00 6.28049448e-02 2.72214341e+00
    -1.62627363e+00 1.43306887e+00 2.94661570e+00 6.78639352e-01
    -2.09807301e+00 8.10533226e-01 -5.37793994e-01 -5.18000305e-01
    -1.02613783e+00 -6.50129139e-01 -9.59805369e-01 1.80757388e-01
    -2.76636362e+00 4.86167699e-01 3.09123099e-01 -7.77518988e-01
    -1.58025801e+00 -6.52461886e-01 -1.68045306e+00 -6.56537116e-01
    -1.95884943e-01 -6.54478930e-03 9.91066918e-02 7.78362826e-02
    1.26070693e-01 -5.31164333e-02 -1.41360417e-01 -2.09659219e-01
    5.19994050e-02 -1.12353221e-01 2.24080235e-01 7.00558573e-02
    7.41220340e-02 7.43588731e-02 7.29137063e-02 3.34795080e-02
    1.60716891e-01 -8.88309106e-02 7.92781562e-02 -4.33712546e-03
    2.55428612e-01 -1.39019549e-01 -7.09526762e-02 4.37540784e-02
    5.85451946e-02 2.34114915e-01 -5.85929155e-02 -1.05590381e-01
    9.09813344e-02 -8.19123536e-02 2.19477654e-01 3.39311622e-02
    -3.64837378e-01 1.47688240e-01 1.35651454e-01 8.74493718e-02
    3.37862045e-01 1.40012190e-01 1.75637707e-01 1.45273313e-01
    9.85195413e-02 7.63075575e-02 2.14049771e-01 4.19181101e-02
    2.14882925e-01 1.09016351e-01 2.50445753e-01 5.87087162e-02
    2.00056285e-01 1.09444827e-01 -8.36479440e-02 7.55394250e-02
    -1.73261091e-02 -2.41240691e-02 -9.65303034e-02 -9.53508765e-02
    -2.94112284e-02 -2.03434870e-01 1.01654075e-01 -8.89052898e-02
    1.35751501e-01 1.22947164e-03 -2.79996172e-02 2.20343526e-02
    1.31633043e-01 2.46650912e-02 4.47281003e-02 -1.30648777e-01
    -2.10460965e-02 6.62796246e-03 2.88016945e-02 6.99778795e-02
    -1.77885164e-02 -5.62013201e-02 1.98333189e-02 5.43240411e-03
    7.07764830e-03 -9.33117345e-02 -1.10925235e-01 5.18139601e-02
    1.44557297e-01 -1.39034525e-01 8.90735984e-02 3.70311551e-02
    -2.66118366e-02 -9.20511410e-02 -1.59538835e-02 7.27241412e-02
    4.64956425e-02 -5.73367551e-02 -3.30159888e-02 -3.02417874e-02
    1.51277453e-01 1.43716425e-01 3.30572933e-01 1.95538960e-02
    6.14386052e-02 -3.84792276e-02 -3.25643159e-02 5.76151535e-02
    -1.75209194e-02 -1.87080763e-02 1.48355290e-01 1.03135340e-01
    1.09951027e-01 1.39859430e-02 1.75301328e-01 1.04513764e-01
    -1.51878402e-01 1.12043552e-01 -1.27379410e-02 5.07816076e-02
    1.17715754e-01 -1.89037658e-02 -5.51444218e-02 1.35156691e-01
    -5.70512936e-02 3.97940837e-02 2.00777471e-01 1.13330700e-01
    3.65060493e-02 3.24927457e-02 -2.69695953e-03 8.41800943e-02
    2.34682616e-02 1.97434276e-01 -3.26576480e-03 7.72407204e-02
    2.00522318e-02 7.87360743e-02 2.61760145e-01 8.71930197e-02
    -1.73988238e-01 3.06464825e-03 -5.03411777e-02 -1.31514400e-01
    1.70425281e-01 -4.00543846e-02 -1.11286953e-01 -5.98968156e-02
    -1.01499213e-02 -2.46918619e-01 -3.30557711e-02 5.83420172e-02
    -1.47995859e-01 -1.20638914e-01 -5.56155108e-02 -8.11501816e-02
    1.40233114e-02 -7.72309601e-02 -6.59866259e-02 -1.21540606e-01
    4.52500507e-02 7.66245872e-02 1.52892664e-01 -1.71794653e-01
    7.92816505e-02 -4.68619354e-02 9.73655954e-02 -1.91634595e-01
    1.85029730e-01 9.38712731e-02 -1.51695381e-03 1.16894171e-01
    -1.00266807e-01 4.00633663e-02 6.83798864e-02 8.18517059e-02
    -1.22614779e-01 -3.79181281e-02 6.10408522e-02 7.29591995e-02
    1.25879303e-01 -7.04286471e-02 -1.22047432e-01 1.28487736e-01
    -4.03495021e-02 6.13613501e-02 -7.33645186e-02 -1.00632012e-02
    1.09162167e-01 1.31454051e-01 -4.11182493e-02 1.17512017e-01
    -6.26844540e-02 -3.67023423e-02 -8.89385864e-03 -1.98772494e-02
    3.60236205e-02 -6.81983829e-02 1.75859094e-01 5.19443862e-02
    5.42489216e-02 -3.33000980e-02 -1.71191934e-02 -4.79537360e-02
    4.39438522e-02 4.00552869e-01 1.10348977e-01 -2.26874370e-02
    -6.54501282e-03 -1.27545279e-02 1.08524775e-02 7.49150515e-02
    -8.52089152e-02 1.74876803e-03 -4.29060161e-02 3.58371697e-02
    -1.47827196e+00 -2.13221598e+00 1.21694744e+00 -8.24384212e-01
    9.61805999e-01 -3.05746770e+00 -5.31114936e-01 2.64016938e+00
    -2.25336409e+00 -1.86242414e+00 2.30785203e+00 2.89998603e+00
    -4.34107214e-01 -3.01979828e+00 -9.03165162e-01 5.31085320e-02
    1.36211500e-01 1.24727035e+00 1.47834444e+00 2.61896706e+00
    1.48524427e+00 4.72993374e-01 -6.80544257e-01 9.69010368e-02
    -1.03153527e+00 2.04541707e+00 1.09701179e-01 6.38693124e-02
    3.27611379e-02 6.26466721e-02 1.61145210e-01 -7.90832937e-02
    -5.57886101e-02 1.89932898e-01 2.27760803e-02 -9.26108137e-02
    -3.62011157e-02 -4.70542023e-03 -1.43290043e-01 -6.43930510e-02
    -1.21978357e-01 -4.23389636e-02 -1.19795293e-01 -1.16338350e-01
    -8.39159712e-02 -1.55205671e-02 -2.13328768e-02 -4.87163924e-02
    -1.51341259e-02 4.57752645e-02 5.72606996e-02 -1.65833116e-01
    4.55721557e-01 -2.43916917e+00 7.90550411e-01 4.15977383e+00
    2.58564854e+00 3.14437318e+00 -8.24752226e-02 1.53515887e+00
    -1.30763566e+00 1.57998073e+00 -2.13641858e+00 9.89309624e-02
    1.03937697e+00 1.10021889e+00 1.12182805e-02 -1.08324802e+00
    -2.73303181e-01 2.38979197e+00 -6.30433023e-01 9.31363344e-01
    -1.91918516e+00 -9.04185832e-01 3.43065143e+00 9.00608659e-01
    2.49493170e+00 -2.16780972e+00 -1.97050408e-01 -3.05257440e-01
    1.69362381e-01 5.66845760e-02 1.88307762e-01 -9.91645753e-02
    -9.41560790e-02 8.56099501e-02 7.09599778e-02 2.03288272e-01
    -2.19609141e-01 1.40321821e-01 1.61222994e-01 -2.55789589e-02
    3.15112948e-01 4.07588892e-02 1.41234070e-01 3.49347949e-01
    2.19151527e-01 2.19768584e-01 7.60410577e-02 6.60708547e-01
