<?xml version="1.0"?>
<opencv_storage>
  <loss_sum>56.4395</loss_sum>
  <acc>0.248299</acc>
<layer_neuron_num>
  26 50 2</layer_neuron_num>
<learning_rate>1.0000000000000000e-02</learning_rate>
<activation_function>sigmoid</activation_function>
<weight_0 type_id="opencv-matrix">
  <rows>50</rows>
  <cols>26</cols>
  <dt>f</dt>
  <data>
    4.18675393e-01 5.28289378e-01 1.78730637e-01 5.55982530e-01
    -6.17943332e-02 -7.53895566e-02 3.89511019e-01 9.78259370e-02
    2.18810678e-01 -1.06007874e+00 -8.53738368e-01 -1.62635779e+00
    -1.45572186e+00 -6.51779413e-01 -1.99147022e+00 -1.06271172e+00
    -1.64360023e+00 4.43975270e-01 -8.98616791e-01 -1.37134027e+00
    -1.49678969e+00 2.89566755e-01 -1.83206987e+00 -1.39934027e+00
    -8.33243847e-01 -9.85256374e-01 1.07660331e-01 5.21937370e+00
    2.36905098e+00 2.62468529e+00 1.60199642e+00 2.63729572e+00
    2.59292030e+00 -4.11779881e-01 2.71882936e-02 3.96286607e+00
    -1.80285406e+00 1.81832969e+00 -3.66842508e+00 2.01992989e+00
    1.52242112e+00 1.03989601e+00 1.41847324e+00 1.31195283e+00
    2.55777550e+00 -1.99415326e+00 7.46952951e-01 -5.70999801e-01
    2.05147743e+00 1.37333536e+00 6.96730137e-01 3.88702333e-01
    3.48735666e+00 -1.62689567e+00 -3.39645934e+00 -1.49071896e+00
    -4.33732843e+00 6.52126610e-01 -1.24952197e+00 6.67083621e-01
    1.35952866e+00 6.72341490e+00 -1.28728890e+00 4.26652479e+00
    3.28521442e+00 2.15613747e+00 -3.10103369e+00 3.07654381e+00
    -1.72455549e+00 6.83856010e-01 6.36534154e-01 8.49860489e-01
    3.63191175e+00 2.01418924e+00 -4.57114615e-02 -1.56460798e+00
    4.31945038e+00 2.71958590e+00 1.30744410e+00 1.06461525e+00
    1.02269101e+00 8.70589763e-02 1.29067719e-01 -1.49406090e-01
    5.54948926e-01 -1.40736699e+00 8.61880541e-01 -3.43653738e-01
    -1.67274547e+00 -2.06411290e+00 -1.39434278e+00 3.70901704e-01
    -1.08682835e+00 -1.28604245e+00 -1.53842306e+00 -1.31685567e+00
    5.06057851e-02 -8.32248986e-01 -2.93116546e+00 -2.29895338e-01
    1.76666215e-01 -5.92762470e-01 -1.54393899e+00 -9.79515970e-01
    4.83977824e-01 4.80085403e-01 3.27312872e-02 1.07164693e+00
    -2.94141561e-01 -1.41994119e-01 3.37031603e-01 6.46527052e-01
    2.36180536e-02 -1.32327008e+00 -3.63688856e-01 -1.78609061e+00
    -1.51299715e+00 3.91897172e-01 -2.27905130e+00 -1.10236907e+00
    -1.78133333e+00 6.33346438e-01 -1.33060956e+00 -1.21888196e+00
    -1.92863429e+00 6.62181675e-01 -1.41163397e+00 -1.00686383e+00
    -1.16338089e-01 -1.73078752e+00 5.84922969e-01 4.10381377e-01
    1.01656342e+00 5.62431991e-01 3.50073814e-01 2.19220608e-01
    2.12526128e-01 -1.94604561e-01 -1.64018378e-01 -7.49800801e-01
    -1.35096133e+00 -1.15976715e+00 -1.14789724e+00 -3.92198682e-01
    -1.15252769e+00 -9.92199183e-01 -1.59660399e+00 -3.73426139e-01
    -8.13984156e-01 -9.06725466e-01 -1.62225556e+00 -6.57643855e-01
    -2.29336828e-01 -8.82245660e-01 -1.05217731e+00 -6.49378419e-01
    -1.68775439e+00 -1.10956335e+00 -6.29594982e-01 1.00277567e+00
    -1.02847445e+00 5.08304715e-01 4.23731059e-01 -1.65942788e+00
    4.76868486e+00 -3.16772759e-02 -2.03993738e-01 3.50418282e+00
    -1.00852990e+00 -3.35144305e+00 1.84917712e+00 -3.97015452e-01
    -3.41961205e-01 -2.08187699e+00 -1.63671672e+00 -3.67215723e-01
    3.77484655e+00 -2.52769756e+00 -1.96214175e+00 -4.59115458e+00
    2.71204877e+00 8.45922291e-01 -4.44074757e-02 -1.74249157e-01
    -2.28254516e-02 -7.63627216e-02 -1.80871040e-02 1.25081673e-01
    -4.04153019e-01 1.75114423e-01 -1.65665656e-01 -1.52220845e-01
    1.06644250e-01 1.84200078e-01 1.17548198e-01 -6.55972213e-02
    9.93216857e-02 1.45152867e-01 2.91330159e-01 -9.33694169e-02
    4.30321962e-01 -1.01593003e-01 1.70216598e-02 8.70782230e-03
    -9.19091776e-02 1.55406952e-01 -2.38679096e-01 -3.45142037e-01
    1.62949845e-01 3.24220270e-01 5.58791049e-02 4.70187396e-01
    -2.60092050e-01 -2.82455176e-01 4.37302649e-01 2.01490521e-01
    -2.64476210e-01 -7.45953083e-01 -8.77090931e-01 -1.28810740e+00
    -9.26304042e-01 -5.94412148e-01 -1.04040158e+00 -7.23242342e-01
    -1.08927214e+00 -6.30227506e-01 -5.27937055e-01 -5.68156362e-01
    -1.13674736e+00 -1.79595560e-01 -1.05201733e+00 -3.24990451e-01
    -4.64262545e-01 -1.60567439e+00 -4.80377734e-01 4.85741019e-01
    1.35922229e+00 5.05434811e-01 1.12104917e+00 -1.18421977e-02
    5.84722757e-01 -6.53861761e-02 -7.51163721e-01 -2.44190380e-01
    5.82581460e-01 6.69274807e-01 -1.53486758e-01 -5.56730509e-01
    7.62900651e-01 2.39392146e-02 8.49723101e-01 -3.36268991e-01
    1.30489814e+00 -1.71502173e-01 5.88283129e-02 4.34704423e-01
    -1.03483066e-01 6.80538118e-01 2.53101289e-01 -2.79947907e-01
    2.57783681e-02 -1.54450938e-01 1.25170335e-01 1.85725987e-01
    -1.68841943e-01 1.58777744e-01 3.03598661e-02 -9.92478058e-02
    -1.85785726e-01 -4.24909025e-01 -1.97501197e-01 1.70028105e-01
    -5.48393689e-02 -1.78459674e-01 2.76243180e-01 3.22690904e-02
    1.59454003e-01 -9.89807099e-02 3.87020230e-01 -4.78432067e-02
    -2.26772651e-01 1.49785265e-01 -1.76445425e-01 1.19258597e-01
    -3.74026150e-01 -7.39805624e-02 2.77712733e-01 3.95038687e-02
    -2.40951031e-01 1.20223314e-01 -1.67404875e-01 -7.88584501e-02
    1.00642890e-01 1.44289732e-01 -4.56415862e-01 -4.60229069e-01
    -1.50963888e-01 -6.00085497e-01 -2.39093974e-01 2.26039201e-01
    -4.79516625e-01 -8.98246020e-02 -1.15809955e-01 -3.56249660e-01
    2.93468595e-01 -3.88536811e-01 -4.72120732e-01 2.44796485e-01
    -3.75734985e-01 2.81501561e-01 -5.85415810e-02 -6.49579763e-01
    7.08315670e-02 -1.71256408e-01 -4.32726741e-02 -2.69747287e-01
    3.83319966e-02 2.82529026e-01 -1.75012097e-01 -7.75794312e-02
    -7.90580735e-02 -6.78338289e-01 1.20643139e-01 3.21276397e-01
    -3.69112015e-01 -2.67452598e-01 -3.60548645e-01 3.24970096e-01
    1.12386942e-01 -4.12427694e-01 1.48334295e-01 -4.00546849e-01
    -1.48348093e-01 -1.19672697e-02 -5.65314054e-01 -2.05195755e-01
    -3.69593054e-01 9.79285091e-02 -4.88209352e-02 -4.57791910e-02
    -1.62523225e-01 -8.42331126e-02 -1.06877096e-01 3.22019644e-02
    -3.16338055e-02 -2.17225492e-01 1.15596585e-01 -3.60056430e-01
    -1.50812387e-01 -8.86392742e-02 -1.37499496e-02 -3.00945520e-01
    -3.99174988e-02 4.09804434e-01 1.84646189e-01 -3.65419060e-01
    4.59455699e-01 -2.59474546e-01 -1.33500665e-01 1.14641199e-02
    -4.41079974e-01 2.26997323e-02 -4.91343766e-01 -1.16293535e-01
    -3.38144079e-02 -1.32180005e-01 -2.30451999e-03 1.17995813e-02
    -1.28994703e-01 8.98227170e-02 -6.62689134e-02 -7.33873062e-03
    -5.44889867e-01 -1.09684877e-01 -1.65964842e-01 2.39431694e-01
    1.69767484e-01 -3.50793689e-01 2.12520704e-01 2.53306568e-01
    -1.30956816e-02 -7.07996637e-03 2.52733976e-01 -1.19581886e-01
    1.68867454e-01 1.20655075e-01 -3.99104267e-01 6.64998516e-02
    -1.94545418e-01 -2.55966157e-01 5.98216988e-02 -1.82600707e-01
    -1.33128837e-01 1.36572391e-01 -1.19450781e-02 8.90343189e-02
    -1.03701800e-01 1.54507622e-01 -1.55221179e-01 -6.83224857e-01
    -9.99714807e-02 -1.59796085e-02 -3.71653646e-01 -1.79444700e-01
    -4.18472350e-01 1.10437408e-01 -1.09571405e-01 -2.87747175e-01
    2.30672210e-01 -3.10226530e-01 -1.14190735e-01 1.08633511e-01
    -5.69701374e-01 5.18225133e-03 -2.27887139e-01 -3.84754747e-01
    -2.21107543e-01 7.95209333e-02 1.86679125e-01 3.84114087e-01
    2.20392913e-01 2.93329298e-01 1.15251638e-01 6.15805462e-02
    -3.28334868e-01 -4.30858284e-01 1.12104572e-01 3.37906539e-01
    -6.08079359e-02 -1.25635639e-01 5.02822280e-01 4.40502726e-02
    3.15942883e-01 1.34754539e-01 3.87914896e-01 -1.15205303e-01
    -1.14058778e-01 1.61962420e-01 -1.53301373e-01 4.39107805e-01
    -4.37462956e-01 -4.52998765e-02 -2.33263755e+00 2.94440699e+00
    1.10533738e+00 3.65644026e+00 -1.72656506e-01 -1.01994693e+00
    1.05506194e+00 3.19162518e-01 2.99057889e+00 -1.90967843e-01
    1.74972320e+00 1.55777276e+00 -2.30242014e+00 -1.72348249e+00
    1.98352981e+00 -2.90540010e-01 1.39080918e+00 -1.30614293e+00
