<?xml version="1.0"?>
<opencv_storage>
  <loss_sum>53.2259</loss_sum>
  <acc>0.19</acc>
<layer_neuron_num>
  26 50 2</layer_neuron_num>
<learning_rate>1.0000000000000000e-02</learning_rate>
<activation_function>sigmoid</activation_function>
<weight_0 type_id="opencv-matrix">
  <rows>50</rows>
  <cols>26</cols>
  <dt>f</dt>
  <data>
    9.27055907e-03 1.34015203e-01 4.33422506e-01 -2.62043737e-02
    -4.26371545e-02 -2.00105786e-01 2.90752918e-01 -2.43197493e-02
    -2.65465081e-01 -8.39221537e-01 -9.46018994e-01 -8.35035741e-01
    -1.22895813e+00 -9.23577070e-01 -1.49504066e+00 -9.33420241e-01
    -1.45171916e+00 -6.65056765e-01 -7.83784330e-01 -1.18435848e+00
    -9.28751171e-01 -5.89904964e-01 -1.31733906e+00 -1.26745081e+00
    -1.02345288e+00 -7.41898060e-01 2.59150892e-01 1.93784940e+00
    3.89901549e-01 2.16914582e+00 7.48357654e-01 1.71478760e+00
    1.80292845e+00 -5.24231911e-01 2.02145770e-01 7.07833230e-01
    -4.93695647e-01 5.60384750e-01 -2.09298301e+00 3.04339886e-01
    7.24567890e-01 4.34059113e-01 6.27855897e-01 1.03955865e+00
    1.05405450e+00 -2.48927832e-01 -7.20783830e-01 4.38738763e-01
    5.50177157e-01 8.93393815e-01 -7.18352973e-01 2.29365766e-01
    5.78338087e-01 -8.61164391e-01 -8.66396189e-01 -1.36139834e+00
    -1.35446739e+00 5.38840294e-01 -3.22219282e-01 1.32083595e+00
    8.06773663e-01 2.43423963e+00 -1.11672199e+00 1.38427961e+00
    1.83682370e+00 3.63961279e-01 -1.07282746e+00 2.21224284e+00
    -6.51988328e-01 4.13164526e-01 1.31794229e-01 1.80939883e-01
    6.80713654e-01 1.06342101e+00 2.58674711e-01 -2.71930903e-01
    1.42635000e+00 6.16597831e-01 7.62098506e-02 1.95975468e-01
    4.98797685e-01 -8.67695138e-02 -6.49032742e-02 -1.32646576e-01
    4.27386016e-01 -1.73795402e-01 -3.05582792e-01 -4.24968123e-01
    -1.23260522e+00 -8.48827183e-01 -1.02254319e+00 -3.59311461e-01
    -9.93616343e-01 -9.90506649e-01 -1.20482194e+00 -1.14678419e+00
    -5.78484893e-01 -9.51531589e-01 -9.82614458e-01 -8.26815128e-01
    -7.96226263e-01 -8.20685387e-01 -9.74956870e-01 -9.72034991e-01
    -7.53422678e-02 6.45550638e-02 3.73689413e-01 1.01735391e-01
    -1.58851072e-01 -1.64973989e-01 2.94829816e-01 1.04429051e-01
    -3.25186700e-01 -5.58906555e-01 -1.07173991e+00 -8.07027161e-01
    -1.25581908e+00 -5.74673474e-01 -1.48635983e+00 -9.72879410e-01
    -1.44820476e+00 -8.88781905e-01 -7.88975835e-01 -9.94578719e-01
    -1.10393071e+00 -4.96218443e-01 -9.82627451e-01 -1.07412505e+00
    -7.49249637e-01 -9.79221284e-01 3.06082428e-01 2.74407238e-01
    6.99549198e-01 1.62801266e-01 9.17235836e-02 5.33876754e-02
    1.59162462e-01 7.56194592e-02 -3.51888329e-01 -5.25772393e-01
    -1.20475662e+00 -7.17453957e-01 -1.02995968e+00 -4.47813153e-01
    -8.93418014e-01 -8.40274453e-01 -1.38829887e+00 -7.03490496e-01
    -9.60703611e-01 -7.64251053e-01 -9.64423358e-01 -4.99468684e-01
    -6.15359008e-01 -8.86975467e-01 -5.93475163e-01 -6.98230982e-01
    -5.16555607e-01 -3.12204748e-01 2.18844607e-01 1.95173845e-01
    -2.36747831e-01 3.22424024e-01 -4.39132340e-02 -3.66523862e-01
    8.76160622e-01 -5.20809293e-01 3.33819896e-01 8.67056072e-01
    -7.62035728e-01 -1.37561607e+00 -3.46264929e-01 1.99873582e-01
    -4.23450261e-01 3.99323791e-01 -1.58318430e-02 -7.48291671e-01
    7.57687449e-01 -5.67534328e-01 -7.65348017e-01 -1.08708334e+00
    -3.55260402e-01 1.16729307e+00 -1.73701812e-02 -9.63304192e-02
    5.86797334e-02 -2.42384765e-02 4.45412993e-02 1.68064162e-01
    -3.88667852e-01 2.55799651e-01 2.53884196e-02 1.28403544e-01
    2.23810717e-01 2.38047004e-01 1.37502342e-01 1.81850903e-02
    1.43110350e-01 1.85859427e-01 2.92159528e-01 3.10229696e-02
    4.18557227e-01 -1.39475465e-02 8.44916850e-02 1.63872793e-01
    8.18125904e-02 1.98894918e-01 -1.36821762e-01 -9.29948911e-02
    9.58955884e-02 2.84479350e-01 3.08373511e-01 1.73442841e-01
    -1.01087399e-01 -1.77177399e-01 4.46363509e-01 8.73993039e-02
    -2.40193665e-01 -2.92432994e-01 -9.64663386e-01 -8.44770908e-01
    -8.25011313e-01 -4.89974499e-01 -8.40847671e-01 -7.72987425e-01
    -1.01241946e+00 -8.05603385e-01 -4.90070641e-01 -6.32422149e-01
    -9.21898127e-01 -2.39427358e-01 -8.13255906e-01 -4.73722219e-01
    -3.41907829e-01 -1.21270943e+00 -6.83824122e-02 3.07529747e-01
    5.16989768e-01 2.69975096e-01 4.80718315e-01 1.37567088e-01
    2.72845656e-01 -1.41020790e-01 -2.56245553e-01 -1.53004065e-01
    1.52479738e-01 2.04308182e-01 -1.45028323e-01 -2.17004836e-01
    4.42407548e-01 2.10708976e-01 6.15944088e-01 -1.36947045e-02
    7.23259985e-01 -1.64906859e-01 -2.34075934e-01 2.95307994e-01
    -5.83999455e-02 1.61129907e-01 1.35145755e-02 5.97870387e-02
    5.93273267e-02 -6.00118972e-02 1.89383820e-01 2.26348162e-01
    -1.22484460e-01 2.08047435e-01 6.28282279e-02 -1.21227652e-02
    -1.30782118e-02 -1.56585202e-01 -9.56626534e-02 2.10977748e-01
    -6.67519793e-02 -7.34757185e-02 3.02205473e-01 8.61797258e-02
    1.69708073e-01 5.68567775e-03 3.54384303e-01 5.61440364e-02
    -1.60672069e-01 3.02731007e-01 -2.94050369e-02 1.58104435e-01
    -2.67428994e-01 1.57235667e-01 2.23098665e-01 3.84238772e-02
    -1.21703267e-01 4.31794375e-02 -9.03047025e-02 -3.25153023e-02
    9.62305740e-02 1.02258295e-01 -3.11590672e-01 -1.15805022e-01
    -1.89634755e-01 -3.76033932e-01 -1.83477670e-01 1.24301128e-01
    -3.20051700e-01 -9.28183869e-02 -9.81982499e-02 -2.56248593e-01
    1.95103019e-01 -2.95111388e-01 -2.93438584e-01 2.14636579e-01
    -2.00273156e-01 1.85288921e-01 3.25585925e-03 -3.10373127e-01
    -1.12565299e-02 -1.39336884e-01 5.77909611e-02 -2.52373189e-01
    6.15649149e-02 1.44354701e-01 -1.91803142e-01 5.89650124e-02
    1.30767170e-02 -3.87840152e-01 2.59563684e-01 3.19371253e-01
    -2.57673472e-01 -2.47545391e-01 -1.83625683e-01 3.11376452e-01
    1.27655059e-01 -2.56292701e-01 9.68838111e-02 -2.01741710e-01
    -1.60444584e-02 1.29755795e-01 -3.86583239e-01 -1.51638106e-01
    -3.25282842e-01 4.43691581e-01 -5.43840453e-02 1.99381486e-02
    -5.04693314e-02 -3.11556980e-02 -4.58621681e-02 6.17549643e-02
    -2.77864188e-02 -7.70956501e-02 2.09397852e-01 -1.43032670e-01
    3.33496719e-03 -1.06634228e-02 -5.76405087e-04 -2.02530950e-01
    2.34105065e-02 4.35714483e-01 1.92215517e-01 -2.38261551e-01
    4.23122942e-01 -1.70607403e-01 -3.49235162e-02 1.05299711e-01
    -2.48975009e-01 3.36690284e-02 -3.87257606e-01 1.46953672e-01
    -1.36254515e-04 -1.41418856e-02 1.18327312e-01 6.91838712e-02
    -5.78261204e-02 1.30827129e-01 -2.29462571e-02 6.79075941e-02
    -4.03715074e-01 1.83149114e-01 -6.20030053e-02 3.13468903e-01
    1.74380988e-01 -2.17551306e-01 2.61037797e-01 3.13150734e-01
    8.95972550e-03 5.56050390e-02 2.09014475e-01 -2.26679947e-02
    2.22245082e-01 2.85925090e-01 -2.37194300e-01 1.21891998e-01
    -6.50387406e-02 -3.69626656e-02 6.40931400e-03 -1.12521879e-01
    3.66020622e-03 7.49676824e-02 6.78460672e-02 2.02069134e-02
    -1.45046964e-01 1.73302859e-01 -2.05090698e-02 -3.47942472e-01
    -1.48648052e-02 1.18049689e-01 -2.65156716e-01 -1.77630514e-01
    -2.58850574e-01 1.16386496e-01 -8.57613683e-02 -2.06717089e-01
    1.95256978e-01 -2.01710775e-01 -1.67359188e-02 1.49854749e-01
    -2.74311185e-01 2.29773410e-02 -2.13146269e-01 1.34891020e-02
    -7.94065446e-02 1.69558108e-01 1.88945547e-01 4.46264148e-01
    2.37893417e-01 4.00188029e-01 1.53630793e-01 1.00812376e-01
    -5.61731011e-02 -1.44726813e-01 1.17094040e-01 2.94364333e-01
    -1.00847609e-01 9.93945748e-02 4.22124445e-01 1.35712370e-01
    2.74171561e-01 2.05759570e-01 3.19095165e-01 -1.02736531e-02
    -7.81667233e-02 3.21336299e-01 -7.76886493e-02 3.96053761e-01
    -2.69885927e-01 1.14894010e-01 -2.02644080e-01 3.64469975e-01
    3.67073566e-01 1.32145274e+00 4.83892977e-01 5.91109812e-01
    7.82437205e-01 -2.80336648e-01 1.48548573e-01 8.24065413e-03
    -1.20927811e-01 3.31159443e-01 -5.79369426e-01 3.29798937e-01
    6.42592132e-01 2.84555592e-02 5.13866484e-01 4.06308547e-02
