<?xml version="1.0"?>
<opencv_storage>
  <acc>0.687075</acc>
<layer_neuron_num>
  26 50 2</layer_neuron_num>
<learning_rate>9.9999997764825821e-03</learning_rate>
<activation_function>sigmoid</activation_function>
<weight_0 type_id="opencv-matrix">
  <rows>50</rows>
  <cols>26</cols>
  <dt>f</dt>
  <data>
    1.30632124e+01 9.08487225e+00 7.29175091e+00 1.83885746e+01
    2.04213657e+01 1.56234121e+00 -5.10869884e+00 -1.14181967e+01
    9.96319532e-01 -1.20403719e+01 1.52637386e+01 1.80062180e+01
    -1.24393001e-01 -8.96753693e+00 -7.62041330e+00 1.53719816e+01
    -4.01108694e+00 2.37860775e+00 -1.76700592e+01 5.58666182e+00
    2.89740014e+00 -4.27651215e+00 4.48518372e+00 -3.59771004e+01
    2.30923328e+01 1.58537445e+01 7.25940049e-01 -5.84924519e-01
    -9.04223382e-01 6.08598441e-02 -6.28576204e-02 3.16583991e-01
    -5.01900911e-01 -2.14392900e-01 -4.00299281e-01 -6.08063161e-01
    -5.82850039e-01 1.72598407e-01 -2.06758663e-01 4.95714456e-01
    9.48109552e-02 4.26261187e-01 -5.61650097e-02 -1.45839000e+00
    -9.78133619e-01 2.37313941e-01 3.56477708e-01 -4.70252261e-02
    -1.71721554e+00 -5.54551296e-02 5.83347917e-01 -1.77999783e+00
    -1.70811481e+01 -1.14605818e+01 -1.54468737e+01 3.87760615e+00
    -9.94806767e+00 -6.41219521e+00 -4.86512661e+00 2.03737187e+00
    2.17104168e+01 1.59517994e+01 -3.97826195e+00 6.23200655e+00
    7.00698376e+00 -4.30055666e+00 -2.39473176e+00 1.47683895e+00
    9.86298800e-01 1.66799812e+01 2.52529860e+00 -1.62566490e+01
    -5.50705385e+00 1.68723691e+00 1.60213032e+01 5.90990448e+00
    4.55005884e+00 1.56315780e+00 5.58299875e+00 -3.57215017e-01
    -3.37528777e+00 -4.86064873e+01 1.10576563e+01 -2.31126766e+01
    8.73441315e+00 -1.81464615e+01 1.80697193e+01 1.32661905e+01
    -3.24234933e-01 -6.88568068e+00 9.95759487e+00 -1.86388516e+00
    6.03344107e+00 -1.23982677e+01 1.32655263e+00 -5.45625162e+00
    -2.67494130e+00 2.55739174e+01 -3.19249535e+00 -9.56066191e-01
    1.69781361e+01 1.73057842e+01 -1.09237404e+01 6.37455702e+00
    -1.68157840e+00 1.51665134e+01 -2.43103867e+01 7.00332975e+00
    3.36414027e+00 6.97915125e+00 -3.23436856e+00 7.36957908e-01
    -1.20973902e+01 3.50440598e+00 7.76355886e+00 -2.11618729e+01
    5.59530020e+00 6.49489737e+00 -2.21204319e+01 1.12389898e+01
    -2.07750726e+00 1.88058834e+01 1.12050781e+01 2.92295551e+00
    2.40249348e+00 2.33131962e+01 -1.45568037e+01 2.77541142e+01
    -1.16419840e+01 -5.06089878e+00 2.82719731e-01 -2.11658314e-01
    -3.51814926e-01 -2.34402735e-02 2.02441111e-01 8.12492013e-01
    2.96247631e-01 -2.35997170e-01 -4.58516479e-01 -7.40898609e-01
    -3.37286830e-01 3.89806420e-01 -5.51699221e-01 6.60186291e-01
    -6.09058738e-01 8.11487794e-01 -3.94958735e-01 -5.19885361e-01
    -1.39724278e+00 9.55433905e-01 4.91346717e-01 -3.62937778e-01
    -7.83118963e-01 7.22515658e-02 4.87431705e-01 -1.23768616e+00
    -1.82044908e-01 -8.02456975e-01 -6.03633881e-01 -4.74251240e-01
    -3.00493956e-01 -1.38159722e-01 -3.87236834e-01 -3.46944809e-01
    -3.05693269e-01 -8.16914082e-01 6.86027948e-03 2.06518173e-02
    1.61390662e-01 3.08899134e-01 6.84876274e-03 1.84594944e-01
    1.11806192e-01 -8.56773436e-01 -8.99794996e-01 -4.13097255e-02
    4.28840101e-01 -3.21625501e-01 -1.13308036e+00 -1.07153840e-01
    5.81796587e-01 -1.18339312e+00 1.25733405e-01 -1.42531145e+00
    -1.02407515e+00 -9.11788106e-01 -2.34642893e-01 1.30514577e-01
    -1.04878056e+00 -1.02118932e-01 -6.42140687e-01 -6.65050566e-01
    -3.13121267e-02 1.18617862e-02 1.15386643e-01 3.87003034e-01
    -2.55700648e-01 1.19921312e-01 2.58256379e-03 -1.43973064e+00
    -5.62125742e-01 4.59870189e-01 5.62809527e-01 2.03425214e-01
    -1.73030019e+00 -1.58228397e-01 4.34466153e-01 -1.58835495e+00
    1.30441594e+00 -3.85691214e+00 -1.65924597e+00 -9.85718966e-01
    1.81836641e+00 4.62528896e+00 1.39659238e+00 1.56112349e+00
    4.18262339e+00 -3.15592551e+00 5.36366034e+00 2.45504546e+00
    -5.27751505e-01 3.99256766e-01 -5.72659397e+00 2.75251079e+00
    -4.41386700e-01 -2.85680389e+00 2.91190481e+00 3.62252021e+00
    1.32983422e+00 -2.63851905e+00 3.50343299e+00 2.27628255e+00
    1.67460036e+00 -1.77628016e+00 1.89333156e-01 -6.12704992e-01
    -5.34963667e-01 -3.50959241e-01 -1.98964372e-01 -2.43016239e-02
    -5.86964905e-01 -2.73560405e-01 -4.45463926e-01 -5.95366776e-01
    -4.51394081e-01 -3.61580364e-02 -5.57297915e-02 2.22097054e-01
    1.33473396e-01 3.16196471e-01 2.75598049e-01 -1.13431239e+00
    -7.82962561e-01 5.89074641e-02 2.48392880e-01 -3.02245412e-02
    -1.47571707e+00 -2.43828505e-01 5.64867556e-01 -1.34877193e+00
    2.44710669e-01 -1.26236022e+00 -8.84059548e-01 -6.53819382e-01
    -3.78185958e-01 3.09606075e-01 -7.38961399e-01 -3.02144438e-01
    -5.86276054e-01 -7.61648118e-01 -1.81330681e-01 1.78998128e-01
    -1.15236100e-02 2.99786389e-01 -1.12550899e-01 2.83642501e-01
    -1.52860759e-02 -1.11809969e+00 -7.66243160e-01 5.07491708e-01
    5.84808350e-01 2.69834518e-01 -1.61840570e+00 9.89907980e-02
    2.46353611e-01 -1.15914965e+00 3.54451746e-01 -9.28800702e-02
    -3.77783000e-01 -6.30990341e-02 -1.47339910e-01 3.17525752e-02
    3.33006948e-01 -2.71282107e-01 -4.75562096e-01 -5.90128779e-01
    -3.09496462e-01 -6.93273768e-02 -2.66965538e-01 5.54338753e-01
    -1.38322666e-01 3.22879374e-01 -2.38784635e-03 -6.08512282e-01
    -1.06361842e+00 2.07374260e-01 3.00082117e-01 -1.03205435e-01
    -1.02507663e+00 -2.27945540e-02 4.28541660e-01 -1.04689276e+00
    1.64998502e-01 -1.50578067e-01 -2.68291593e-01 -2.46977106e-01
    -6.51588216e-02 -2.53731007e-04 -1.23602739e-02 -1.85216680e-01
    -4.38156337e-01 -5.64358294e-01 -3.60848755e-01 2.07124844e-01
    -2.59875387e-01 2.48718292e-01 1.40556358e-02 3.89834851e-01
    2.98176259e-02 -7.38727212e-01 -1.19562984e+00 3.82081538e-01
    2.93663710e-01 -2.90363312e-01 -1.09478128e+00 -2.18520954e-01
    2.73813039e-01 -8.94783437e-01 2.25866158e-02 -1.11139548e+00
    -1.04956281e+00 -8.43802810e-01 -2.14125767e-01 1.76347554e-01
    -6.22089922e-01 -2.82933265e-01 -5.44819653e-01 -6.57301724e-01
    -4.88693267e-02 -1.04825909e-03 1.28322929e-01 1.90061629e-01
    -2.91649044e-01 6.37276173e-01 1.23997733e-01 -9.42922950e-01
    -8.21940124e-01 2.43492261e-01 5.66549599e-01 9.67085287e-02
    -1.54967260e+00 9.71347913e-02 1.24902010e-01 -1.11017919e+00
    6.08118832e-01 -5.23035228e-01 -5.51344693e-01 2.42481247e-01
    -1.45238385e-01 8.02117884e-01 -5.60429275e-01 -3.92268598e-01
    -6.78554595e-01 -6.29105926e-01 -4.13204461e-01 3.00419480e-01
    -4.64245796e-01 5.01925528e-01 -1.49443001e-01 3.93051058e-01
    -2.63077050e-01 -1.37200069e+00 -8.69782209e-01 5.85482180e-01
    8.05744052e-01 -4.29168865e-02 -1.85105717e+00 -3.54464859e-01
    3.67432624e-01 -1.33650565e+00 1.71352670e-01 -2.89060235e-01
    -4.47866976e-01 -7.73857161e-02 -1.29994661e-01 -3.06567937e-01
    -2.99955040e-01 -9.71613917e-03 -1.68657005e-01 -6.18791282e-01
    -4.63042825e-01 3.96164916e-02 -4.30070236e-03 1.94054484e-01
    3.21643576e-02 2.26137161e-01 -9.21445489e-02 -6.05024517e-01
    -1.09099042e+00 7.47201368e-02 2.17981353e-01 -1.89599901e-01
    -9.01350439e-01 -1.00749731e-01 3.11891288e-01 -1.11245668e+00
    1.83791488e-01 -9.34112370e-01 -8.84891987e-01 -1.77469820e-01
    -1.32812813e-01 3.48079145e-01 -6.51523709e-01 -1.89831674e-01
    -4.31336105e-01 -7.82918870e-01 -2.48989120e-01 1.70976415e-01
    -5.79703078e-02 4.46401119e-01 -1.86023880e-02 2.87998766e-01
    -3.15547325e-02 -1.08188951e+00 -9.88197327e-01 1.40399322e-01
    3.62011552e-01 -9.28114075e-03 -1.45922732e+00 1.05920970e-01
    4.37705338e-01 -1.55152440e+00 2.64667898e-01 -1.24980164e+00
    -6.29776001e-01 -4.26837176e-01 -4.72774029e-01 -4.30794001e-01
    -1.33055747e+00 -1.10835448e-01 -1.13172427e-01 -1.73052773e-02
    -1.04291975e+00 -1.18699126e-01 9.80699062e-01 -4.25097287e-01
    8.00561368e-01 -6.62478924e-01 1.22495927e-02 -1.00257576e+00
    3.05113584e-01 -6.63718641e-01 6.66265368e-01 5.70946455e-01
