<?xml version="1.0"?>
<opencv_storage>
<layer_neuron_num>
  26 50 2</layer_neuron_num>
<learning_rate>1.0000000000000000e-02</learning_rate>
<activation_function>sigmoid</activation_function>
<weight_0 type_id="opencv-matrix">
  <rows>50</rows>
  <cols>26</cols>
  <dt>f</dt>
  <data>
    5.31036034e-02 4.99000371e-01 4.53383386e-01 2.52435774e-01
    5.02091236e-02 -9.46350768e-02 4.25423294e-01 1.59377322e-01
    2.71399356e-02 -8.00421953e-01 -8.59580219e-01 -1.19972861e+00
    -1.46712112e+00 -6.39791608e-01 -1.65368891e+00 -8.73596132e-01
    -1.50604069e+00 -3.57258737e-01 -9.33577716e-01 -1.11545360e+00
    -1.20233881e+00 -3.25281173e-01 -1.32145989e+00 -1.39047647e+00
    -7.88427889e-01 -7.34489977e-01 4.99377996e-01 3.42568135e+00
    1.02602589e+00 2.70302486e+00 9.89664972e-01 2.43860030e+00
    2.32272148e+00 -9.09690857e-01 8.11857581e-01 2.01413441e+00
    -1.52624476e+00 9.57385838e-01 -3.38561320e+00 9.49341476e-01
    8.77316177e-01 7.74442196e-01 9.58231509e-01 1.47874141e+00
    1.23285270e+00 -2.82891333e-01 -8.47877800e-01 4.41991299e-01
    1.31211710e+00 1.05082417e+00 -3.77486914e-01 3.88102867e-02
    2.36103463e+00 -1.77746737e+00 -2.59651351e+00 -1.76891780e+00
    -3.29458976e+00 2.10038066e+00 -1.10019445e+00 1.48702157e+00
    1.97103882e+00 3.99822950e+00 -1.66840899e+00 2.33948207e+00
    2.96136665e+00 1.04389727e+00 -1.94049954e+00 2.52803326e+00
    -1.17640376e+00 8.24639618e-01 -6.49166703e-01 7.55674303e-01
    2.20509934e+00 1.46457100e+00 -2.89980799e-01 -1.34684992e+00
    2.17072153e+00 1.97320735e+00 1.71361968e-01 4.29039687e-01
    6.54063404e-01 -4.82045189e-02 7.26577416e-02 -1.00588262e-01
    5.88231564e-01 -1.74669549e-01 -1.77948266e-01 -2.99756020e-01
    -1.35952377e+00 -1.18947840e+00 -1.27612579e+00 -1.77089736e-01
    -1.08658934e+00 -9.31797206e-01 -1.23842573e+00 -1.27688313e+00
    -5.47676384e-01 -7.67555177e-01 -1.37914014e+00 -9.67549860e-01
    -4.10098314e-01 -7.50840008e-01 -1.25954127e+00 -7.61216760e-01
    -1.29610058e-02 3.96266222e-01 4.09930170e-01 5.66947639e-01
    -4.18464914e-02 -1.04468368e-01 5.07590294e-01 4.34508055e-01
    -1.78455800e-01 -8.11343193e-01 -6.38474643e-01 -1.17999983e+00
    -1.52010858e+00 -2.25735620e-01 -1.66554773e+00 -8.65060508e-01
    -1.51535010e+00 -6.12821877e-01 -9.76031840e-01 -8.88026476e-01
    -1.40752566e+00 -1.64221227e-01 -9.85051513e-01 -1.06248605e+00
    -5.11774421e-01 -1.04833126e+00 3.18841606e-01 3.39933544e-01
    8.66963863e-01 4.06142712e-01 2.83681095e-01 1.75913408e-01
    1.90086186e-01 1.23442732e-01 -3.08123559e-01 -6.39035821e-01
    -1.09827709e+00 -9.01069403e-01 -1.12884998e+00 -3.11459512e-01
    -9.98216331e-01 -8.00272405e-01 -1.45359254e+00 -4.79596704e-01
    -1.14473557e+00 -7.76305795e-01 -1.26118755e+00 -5.79514205e-01
    -3.42611670e-01 -8.89663696e-01 -7.99132288e-01 -4.99501765e-01
    -1.91342485e+00 6.02661967e-01 -1.86515540e-01 -1.98095351e-01
    -2.47521237e-01 8.73233438e-01 -1.42168432e-01 -1.04018497e+00
    2.94086695e+00 5.91940917e-02 3.11404645e-01 2.80630088e+00
    -1.29975820e+00 -3.36538720e+00 1.56300116e+00 -5.26753604e-01
    -5.44748485e-01 -4.63270962e-01 -5.29301882e-01 -1.65283307e-01
    2.25753474e+00 -1.19932699e+00 -1.43897486e+00 -2.79269242e+00
    2.06523967e+00 8.92869830e-01 -4.94020544e-02 -1.33652732e-01
    2.78153848e-02 -5.64753860e-02 1.39208017e-02 1.36915416e-01
    -3.93513024e-01 2.08874449e-01 -7.96407163e-02 -1.46487216e-02
    1.44415513e-01 2.09165081e-01 1.22664735e-01 -1.70902517e-02
    1.23210721e-01 1.57390788e-01 2.99465090e-01 -8.80088657e-02
    4.57369357e-01 -6.05648458e-02 4.85802777e-02 5.42224906e-02
    -4.20368882e-03 1.69221044e-01 -1.84624061e-01 -2.37836108e-01
    5.60404547e-02 3.64986777e-01 2.33760476e-01 4.10689503e-01
    -1.41512841e-01 -2.13615000e-01 4.99715686e-01 1.86426416e-01
    -2.62874931e-01 -4.49253052e-01 -8.49680126e-01 -1.10774088e+00
    -9.15422380e-01 -5.76824546e-01 -9.38135326e-01 -6.62886560e-01
    -1.02781773e+00 -7.66595423e-01 -4.27873105e-01 -5.14284968e-01
    -1.01684415e+00 -2.70900488e-01 -7.98368812e-01 -3.42107236e-01
    -3.12650621e-01 -1.41476941e+00 -2.93860912e-01 1.55969754e-01
    9.22958255e-01 4.77138132e-01 8.49786460e-01 5.61707690e-02
    4.83663142e-01 -2.28420541e-01 -8.36464703e-01 -3.96571666e-01
    3.70755970e-01 4.24650222e-01 -1.36480331e-01 -6.16789937e-01
    5.61977506e-01 -2.12537069e-02 7.51364112e-01 -4.40502390e-02
    1.19843018e+00 -2.84404993e-01 -1.55159160e-01 3.45624089e-01
    -1.38823748e-01 4.10260648e-01 -2.98616320e-01 1.09689035e-01
    1.28173847e-02 -1.13164879e-01 1.74946368e-01 1.90729424e-01
    -1.40096948e-01 1.65289521e-01 4.06984128e-02 -4.92602624e-02
    -1.24600746e-01 -3.01012039e-01 -1.57027870e-01 2.02512026e-01
    -5.62893562e-02 -1.31964743e-01 3.06744069e-01 4.51410376e-02
    1.72015935e-01 -9.92999226e-02 4.00353760e-01 -4.52437717e-03
    -1.91443980e-01 1.94071621e-01 -1.00385740e-01 1.35144934e-01
    -3.15953583e-01 2.01868564e-02 2.34163389e-01 7.19499812e-02
    -1.59490183e-01 1.15053810e-01 -1.17629588e-01 -5.31977974e-02
    1.32776052e-01 1.72547042e-01 -3.81147027e-01 -2.61460990e-01
    -1.60890251e-01 -5.29765964e-01 -2.39816412e-01 2.32241184e-01
    -4.26727057e-01 -5.64420857e-02 -9.25584659e-02 -3.80849898e-01
    3.08209866e-01 -3.25519681e-01 -3.75778884e-01 2.30161667e-01
    -2.83491910e-01 2.62249589e-01 -2.45414861e-03 -4.97486770e-01
    5.93911251e-03 -5.72234951e-02 4.72760573e-02 -2.76707947e-01
    7.89815038e-02 2.26763353e-01 -1.82383254e-01 -7.04896264e-03
    7.44193494e-02 -4.78200495e-01 1.96274355e-01 3.49309862e-01
    -3.72338921e-01 -1.22296333e-01 -2.72833735e-01 3.58231217e-01
    1.45127550e-01 -4.67556715e-01 1.20984994e-01 -3.01221550e-01
    -1.11397371e-01 5.19766323e-02 -4.10182714e-01 -2.00925067e-01
    -2.63562858e-01 2.75198013e-01 -7.10676163e-02 8.13237391e-03
    -9.96812806e-02 -7.80832618e-02 -7.56533965e-02 3.38056125e-02
    -3.21319103e-02 -1.46164864e-01 1.84006929e-01 -2.38852933e-01
    -9.49733034e-02 -5.44864088e-02 -1.83078814e-02 -2.34478563e-01
    -5.96835837e-03 4.25408393e-01 1.97897062e-01 -3.66813362e-01
    4.71065879e-01 -2.16190383e-01 -8.26259777e-02 3.64157371e-02
    -3.51079792e-01 3.09344158e-02 -4.24143583e-01 -9.14672762e-03
    -4.33159471e-02 -6.03732094e-02 9.66276601e-02 2.98371483e-02
    -8.00533667e-02 9.35611576e-02 -4.63001393e-02 2.05873959e-02
    -4.78031397e-01 4.70651984e-02 -1.12761341e-01 2.93863893e-01
    1.80094898e-01 -2.75099158e-01 2.59885311e-01 2.71060377e-01
    8.79636873e-03 -3.41234691e-02 2.69810438e-01 -7.82698840e-02
    1.84834778e-01 1.62485734e-01 -2.71496296e-01 9.46293175e-02
    -1.10357061e-01 -1.53111637e-01 -1.03209435e-03 -9.57996100e-02
    -3.25776637e-02 1.17374487e-01 4.11295444e-02 6.10933267e-02
    -9.90319476e-02 1.72054142e-01 -1.83914956e-02 -4.82657433e-01
    -4.06333990e-02 5.56296371e-02 -3.60214263e-01 -8.85940641e-02
    -3.30399275e-01 1.39522836e-01 -7.60514736e-02 -3.59411746e-01
    2.34572768e-01 -2.36102089e-01 -6.54499680e-02 9.81168002e-02
    -3.72302115e-01 1.26237003e-02 -1.36650771e-01 -2.15579018e-01
    -1.76284358e-01 1.07807912e-01 2.05592468e-01 4.08378392e-01
    2.41852164e-01 3.18350285e-01 1.36728555e-01 8.26790407e-02
    -2.74867356e-01 -3.29189986e-01 1.16939180e-01 3.33778501e-01
    -6.58692569e-02 -1.05603024e-01 4.93147403e-01 4.89896908e-02
    3.09795946e-01 1.63529545e-01 4.28781688e-01 -9.09918323e-02
    -1.01861723e-01 2.25812450e-01 -1.23925991e-01 4.40784723e-01
    -4.26063746e-01 4.26013246e-02 -1.03215301e+00 1.32323265e+00
    7.53319979e-01 2.73133802e+00 7.97459543e-01 6.30169094e-01
    1.20570099e+00 -5.40000439e-01 1.29252231e+00 -2.00058222e-02
    -2.31784791e-01 5.89851201e-01 -1.48281884e+00 -4.04293478e-01
    7.62637258e-01 2.36817166e-01 9.56235707e-01 -3.69069427e-02
    2.37440538e+00 -7.72740543e-02 -5.88813424e-01 2.14474708e-01
