<?xml version="1.0"?>
<opencv_storage>
<input type_id="opencv-matrix">
  <rows>26</rows>
  <cols>294</cols>
  <dt>f</dt>
  <data>
    1. 24. 36. 14. 10. 10. 8. 5. 10. 28. 8. 4. 6. 7. 5. 7. 7. 3. 24. 10.
    12. 5. 9. 3. 1. 10. 8. 1. 10. 12. 12. 9. 35. 5. 10. 24. 9. 7. 23.
    27. 8. 5. 12. 10. 7. 15. 6. 15. 10. 10. 9. 7. 9. 2. 4. 10. 10. 7.
    11. 9. 1. 2. 10. 21. 21. 12. 1. 11. 23. 5. 4. 8. 4. 17. 12. 19. 4.
    12. 15. 10. 10. 1. 5. 10. 3. 10. 22. 14. 14. 8. 2. 16. 10. 5. 3. 6.
    17. 10. 9. 9. 4. 13. 19. 2. 7. 20. 7. 6. 1. 1. 9. 16. 8. 7. 24. 10.
    9. 4. 11. 6. 25. 13. 9. 15. 12. 21. 6. 9. 23. 6. 8. 28. 14. 4. 1.
    10. 14. 30. 16. 12. 8. 26. 4. 2. 28. 8. 18. 11. 17. 9. 4. 33. 6. 2.
    5. 10. 17. 3. 4. 3. 18. 5. 5. 9. 10. 3. 15. 17. 10. 21. 6. 1. 10. 5.
    10. 1. 0. 22. 8. 10. 15. 1. 10. 28. 1. 16. 9. 9. 12. 10. 6. 10. 1.
    14. 35. 7. 6. 3. 1. 5. 15. 6. 3. 7. 7. 2. 0. 9. 5. 36. 14. 8. 25.
    19. 29. 7. 10. 7. 12. 34. 5. 10. 19. 17. 9. 8. 13. 10. 12. 5. 2. 5.
    4. 5. 5. 33. 13. 8. 14. 1. 16. 26. 2. 12. 6. 10. 10. 12. 7. 8. 8. 9.
    8. 3. 9. 24. 19. 16. 11. 32. 5. 8. 13. 21. 6. 0. 18. 36. 10. 10. 10.
    10. 13. 13. 12. 10. 8. 1. 4. 10. 23. 8. 4. 16. 14. 22. 10. 3. 8. 23.
    26. 13. 13. 1. 33. 42. 56. 59. 38. 34. 42. 24. 29. 46. 33. 35. 24.
    40. 24. 36. 31. 29. 44. 39. 36. 35. 32. 24. 35. 44. 26. 25. 29. 30.
    37. 29. 53. 33. 29. 42. 27. 48. 43. 46. 39. 27. 36. 31. 42. 38. 33.
    40. 38. 31. 30. 39. 40. 31. 38. 45. 33. 43. 39. 42. 19. 31. 28. 39.
    39. 30. 27. 30. 41. 23. 30. 44. 27. 37. 40. 48. 31. 41. 35. 35. 30.
    19. 29. 35. 21. 29. 49. 33. 34. 36. 21. 54. 30. 26. 24. 44. 47. 31.
    30. 33. 32. 36. 48. 28. 37. 49. 30. 24. 34. 28. 31. 35. 36. 59. 46.
    35. 38. 30. 42. 25. 45. 38. 31. 33. 52. 39. 29. 34. 41. 35. 28. 50.
    54. 34. 35. 43. 42. 49. 49. 55. 32. 47. 25. 28. 53. 27. 36. 47. 44.
    32. 29. 54. 27. 20. 27. 35. 42. 30. 32. 31. 42. 26. 28. 34. 37. 58.
    34. 46. 30. 39. 28. 38. 32. 28. 32. 30. 21. 40. 40. 45. 38. 20. 29.
    56. 27. 37. 34. 54. 46. 30. 32. 31. 22. 42. 55. 41. 44. 23. 26. 26.
    36. 26. 28. 44. 37. 36. 19. 39. 27. 55. 47. 26. 50. 60. 49. 37. 44.
    43. 45. 53. 33. 35. 46. 37. 39. 43. 59. 35. 34. 35. 29. 28. 31. 28.
    25. 51. 31. 40. 43. 34. 36. 47. 21. 33. 25. 30. 29. 39. 32. 26. 38.
    27. 26. 28. 38. 44. 38. 35. 53. 58. 24. 27. 34. 42. 28. 18. 52. 54.
    36. 34. 31. 44. 37. 33. 30. 42. 33. 20. 28. 33. 46. 33. 43. 37. 51.
    50. 31. 27. 49. 42. 44. 46. 39. 24. 1. 5. 4. 3. 2. 1. 1. 2. 2. 4. 1.
    1. 1. 1. 2. 2. 1. 1. 3. 2. 2. 2. 2. 1. 1. 1. 1. 1. 2. 2. 3. 3. 3. 2.
    1. 5. 1. 1. 3. 4. 1. 2. 1. 3. 1. 3. 2. 2. 2. 3. 2. 1. 2. 1. 1. 2. 1.
    1. 3. 2. 1. 1. 2. 4. 4. 1. 1. 2. 5. 2. 1. 1. 1. 2. 2. 1. 2. 2. 2. 1.
    2. 1. 1. 3. 1. 1. 5. 1. 3. 1. 1. 3. 2. 1. 1. 1. 1. 2. 1. 2. 1. 2. 2.
    1. 2. 2. 1. 1. 1. 1. 3. 2. 1. 1. 5. 2. 3. 2. 2. 1. 3. 2. 2. 3. 1. 5.
    1. 2. 3. 1. 2. 5. 2. 1. 1. 2. 2. 4. 2. 2. 2. 4. 2. 1. 4. 2. 2. 2. 2.
    2. 1. 3. 1. 1. 1. 2. 2. 1. 2. 1. 2. 2. 2. 2. 3. 1. 2. 3. 1. 3. 1. 1.
    2. 1. 1. 1. 1. 4. 2. 2. 2. 1. 2. 5. 1. 3. 2. 2. 2. 2. 2. 2. 1. 2. 5.
    1. 1. 1. 1. 1. 3. 2. 1. 1. 2. 1. 1. 3. 1. 5. 3. 1. 4. 3. 3. 1. 1. 2.
    2. 3. 1. 3. 2. 2. 3. 1. 2. 2. 1. 1. 1. 1. 1. 1. 2. 4. 3. 1. 4. 1. 1.
    4. 1. 3. 1. 3. 3. 2. 1. 2. 2. 3. 1. 1. 1. 4. 2. 3. 3. 5. 1. 1. 2. 4.
    2. 1. 3. 4. 3. 3. 3. 3. 1. 1. 3. 1. 2. 1. 2. 2. 5. 1. 2. 2. 3. 4. 2.
    1. 2. 4. 5. 2. 2. 1. 1. 6. 7. 4. 3. 9. 2. 4. 0. 7. 4. 2. 2. 2. 2. 2.
    2. 2. 6. 7. 7. 2. 1. 2. 0. 2. 7. 0. 0. 9. 5. 7. 2. 3. 7. 7. 7. 0. 7.
    0. 3. 2. 10. 0. 2. 12. 2. 2. 8. 8. 3. 2. 8. 2. 3. 8. 8. 4. 6. 3. 0.
    0. 0. 9. 7. 9. 1. 4. 6. 3. 2. 7. 3. 0. 3. 7. 2. 2. 7. 2. 2. 0. 0. 7.
    2. 9. 2. 8. 10. 1. 2. 3. 0. 4. 2. 3. 5. 0. 3. 7. 0. 2. 2. 2. 5. 2.
    2. 3. 1. 1. 2. 15. 2. 0. 1. 2. 7. 2. 3. 2. 15. 3. 4. 6. 4. 0. 2. 7.
    14. 4. 7. 3. 1. 2. 0. 9. 0. 11. 11. 7. 2. 14. 2. 2. 0. 7. 14. 4. 2.
    3. 2. 4. 3. 2. 3. 6. 3. 0. 0. 2. 0. 3. 3. 2. 8. 0. 10. 2. 0. 6. 1.
    0. 8. 3. 2. 0. 0. 7. 2. 7. 0. 0. 5. 2. 0. 11. 7. 2. 3. 3. 2. 9. 0.
    0. 9. 2. 0. 2. 0. 2. 8. 3. 1. 2. 4. 0. 0. 7. 3. 6. 8. 7. 2. 0. 7. 5.
    5. 7. 2. 7. 2. 2. 13. 0. 7. 4. 1. 7. 10. 2. 2. 2. 2. 2. 4. 9. 8. 2.
    10. 0. 13. 17. 2. 6. 3. 8. 4. 0. 2. 0. 0. 8. 7. 2. 1. 6. 0. 10. 3.
    8. 3. 2. 9. 7. 0. 0. 6. 8. 7. 7. 9. 7. 8. 7. 7. 3. 2. 0. 2. 4. 2. 7.
    0. 3. 2. 11. 4. 2. 1. 6. 9. 7. 4. 0. 2008. 18880. 13212. 11904.
    6077. 2929. 2576. 4162. 4187. 16872. 2436. 4014. 3907. 2387. 4377.
    4663. 4084. 3760. 10482. 5377. 5079. 4968. 6667. 2400. 1951. 2362.
    2741. 2413. 6644. 3072. 7491. 7553. 10934. 4373. 3339. 18430. 2235.
    2559. 10231. 17567. 3755. 4342. 3692. 8161. 2759. 13582. 5324. 2741.
    9924. 7446. 6696. 2232. 4661. 2610. 2440. 5906. 3348. 2089. 8237.
    5410. 2325. 2956. 4558. 17123. 12169. 3579. 2566. 6091. 19141. 2272.
    2422. 2559. 2478. 9602. 6513. 2655. 4559. 5467. 8966. 2022. 4627.
    1102. 2451. 8789. 2174. 4723. 18665. 3143. 11631. 2153. 2625. 13549.
    5294. 2368. 2145. 2436. 3420. 5582. 2097. 5968. 2314. 8847. 4240.
    3867. 5993. 6651. 2132. 3760. 2220. 2408. 13675. 5208. 2143. 2177.
    19328. 4425. 8740. 4736. 5265. 4031. 10748. 6288. 5238. 13610. 2950.
    19431. 2201. 4724. 10447. 4230. 4779. 18172. 6854. 3737. 2690. 7847.
    6781. 13966. 6567. 5415. 4403. 16752. 4851. 3441. 11836. 6214. 6201.
    4591. 2042. 5175. 3983. 10502. 2226. 2323. 2517. 4014. 5231. 2285.
    4648. 2302. 2372. 4684. 4724. 8103. 12185. 2380. 3986. 9396. 2862.
    10880. 2367. 1702. 5309. 2144. 3433. 2033. 1232. 16823. 4069. 5769.
    5811. 2926. 4193. 19943. 2863. 13744. 6074. 4440. 7379. 6578. 4707.
    6812. 2935. 5087. 19636. 2127. 2290. 2275. 2061. 2373. 8858. 6272.
    2703. 3162. 6502. 3388. 1675. 9991. 3041. 19586. 11957. 2366. 16880.
    10883. 10466. 3500. 2011. 5675. 5399. 10169. 3452. 9362. 4615. 5163.
    7880. 4876. 5171. 5363. 2308. 3743. 2297. 2154. 2321. 2080. 4487.
    14026. 10648. 2809. 17603. 2972. 3210. 17169. 2070. 11878. 3424.
    8412. 7639. 5238. 3298. 4306. 5605. 8726. 3578. 2706. 2468. 16328.
    6861. 10388. 7005. 19701. 4401. 2394. 5957. 16799. 9854. 1904.
    10445. 17426. 7587. 8500. 8943. 7978. 2793. 2707. 7140. 2936. 6392.
    2973. 4908. 5487. 19627. 2909. 4765. 4284. 10596. 13973. 9936. 4621.
    4507. 17665. 19190. 8926. 5204. 2127. 0. 14. 7. 4. 2. 7. 2. 3. 9. 7.
    4. 2. 2. 3. 2. 1. 7. 2. 6. 7. 7. 2. 2. 1. 0. 2. 0. 0. 0. 10. 2. 7.
    4. 3. 7. 9. 8. 0. 17. 12. 7. 1. 7. 0. 2. 11. 2. 7. 7. 7. 1. 2. 8. 2.
    3. 8. 7. 2. 6. 2. 0. 0. 8. 2. 5. 7. 1. 2. 6. 2. 2. 1. 2. 0. 3. 7. 2.
    3. 7. 8. 7. 0. 0. 8. 2. 5. 2. 6. 8. 7. 2. 3. 7. 3. 1. 2. 2. 8. 4. 8.
    2. 2. 2. 2. 7. 2. 1. 3. 0. 0. 2. 10. 4. 0. 2. 2. 7. 2. 2. 2. 4. 2.
    4. 7. 4. 3. 2. 2. 5. 3. 5. 7. 7. 2. 1. 8. 0. 12. 11. 8. 3. 0. 2. 2.
    2. 7. 11. 2. 2. 3. 2. 4. 2. 2. 3. 7. 3. 0. 0. 2. 0. 2. 4. 1. 7. 0.
    13. 3. 8. 8. 3. 0. 7. 4. 3. 0. 0. 16. 2. 4. 0. 0. 8. 2. 0. 8. 6. 4.
    4. 4. 2. 8. 0. 0. 4. 3. 0. 2. 0. 2. 8. 4. 2. 3. 1. 0. 0. 7. 2. 13.
    12. 7. 2. 0. 7. 3. 7. 7. 3. 9. 2. 2. 7. 0. 7. 2. 5. 0. 7. 2. 2. 2.
    2. 2. 3. 10. 8. 2. 11. 0. 11. 6. 2. 8. 1. 8. 9. 0. 5. 0. 7. 7. 7. 2.
    5. 17. 0. 1. 2. 5. 4. 7. 9. 9. 2. 0. 0. 7. 9. 6. 9. 5. 8. 7. 7. 3.
    2. 0. 2. 9. 2. 0. 0. 4. 2. 5. 7. 2. 4. 7. 13. 7. 4. 0. 1. 22. 7. 6.
    6. 10. 5. 5. 10. 7. 5. 2. 6. 4. 4. 3. 7. 3. 20. 7. 7. 5. 5. 2. 1. 3.
    7. 1. 0. 12. 6. 8. 5. 4. 7. 24. 9. 1. 21. 26. 8. 4. 11. 1. 2. 15. 3.
    7. 9. 10. 6. 3. 9. 2. 4. 9. 10. 5. 7. 4. 0. 1. 10. 19. 18. 11. 1. 5.
    21. 4. 3. 8. 4. 3. 5. 9. 2. 6. 7. 10. 9. 1. 1. 10. 3. 10. 3. 10. 11.
    8. 2. 4. 7. 5. 2. 4. 6. 9. 5. 9. 3. 3. 2. 2. 7. 3. 5. 6. 1. 1. 2.
    16. 5. 1. 2. 6. 8. 2. 5. 2. 23. 4. 5. 7. 5. 6. 3. 9. 22. 5. 8. 8. 7.
    3. 1. 10. 1. 15. 15. 10. 5. 26. 3. 2. 2. 8. 18. 5. 3. 5. 3. 5. 5. 2.
    5. 10. 5. 1. 0. 3. 1. 5. 5. 4. 10. 1. 15. 4. 10. 21. 4. 1. 10. 5. 5.
    1. 0. 19. 2. 10. 1. 1. 9. 5. 1. 16. 9. 5. 6. 10. 4. 10. 1. 0. 10. 4.
    0. 3. 1. 3. 14. 5. 3. 5. 5. 1. 0. 7. 4. 36. 13. 8. 3. 1. 8. 6. 10.
