<?xml version="1.0"?>
<opencv_storage>
<input type_id="opencv-matrix">
  <rows>36</rows>
  <cols>294</cols>
  <dt>f</dt>
  <data>
    2.77777780e-02 6.66666687e-01 1. 3.88888896e-01 2.77777791e-01
    2.77777791e-01 2.22222224e-01 1.38888896e-01 2.77777791e-01
    7.77777791e-01 2.22222224e-01 1.11111112e-01 1.66666672e-01
    1.94444448e-01 1.38888896e-01 1.94444448e-01 1.94444448e-01
    8.33333358e-02 6.66666687e-01 2.77777791e-01 3.33333343e-01
    1.38888896e-01 2.50000000e-01 8.33333358e-02 2.77777780e-02
    2.77777791e-01 2.22222224e-01 2.77777780e-02 2.77777791e-01
    3.33333343e-01 3.33333343e-01 2.50000000e-01 9.72222209e-01
    1.38888896e-01 2.77777791e-01 6.66666687e-01 2.50000000e-01
    1.94444448e-01 6.38888896e-01 7.50000000e-01 2.22222224e-01
    1.38888896e-01 3.33333343e-01 2.77777791e-01 1.94444448e-01
    4.16666657e-01 1.66666672e-01 4.16666657e-01 2.77777791e-01
    2.77777791e-01 2.50000000e-01 1.94444448e-01 2.50000000e-01
    5.55555560e-02 1.11111112e-01 2.77777791e-01 2.77777791e-01
    1.94444448e-01 3.05555552e-01 2.50000000e-01 2.77777780e-02
    5.55555560e-02 2.77777791e-01 5.83333313e-01 5.83333313e-01
    3.33333343e-01 2.77777780e-02 3.05555552e-01 6.38888896e-01
    1.38888896e-01 1.11111112e-01 2.22222224e-01 1.11111112e-01
    4.72222209e-01 3.33333343e-01 5.27777791e-01 1.11111112e-01
    3.33333343e-01 4.16666657e-01 2.77777791e-01 2.77777791e-01
    2.77777780e-02 1.38888896e-01 2.77777791e-01 8.33333358e-02
    2.77777791e-01 6.11111104e-01 3.88888896e-01 3.88888896e-01
    2.22222224e-01 5.55555560e-02 4.44444448e-01 2.77777791e-01
    1.38888896e-01 8.33333358e-02 1.66666672e-01 4.72222209e-01
    2.77777791e-01 2.50000000e-01 2.50000000e-01 1.11111112e-01
    3.61111104e-01 5.27777791e-01 5.55555560e-02 1.94444448e-01
    5.55555582e-01 1.94444448e-01 1.66666672e-01 2.77777780e-02
    2.77777780e-02 2.50000000e-01 4.44444448e-01 2.22222224e-01
    1.94444448e-01 6.66666687e-01 2.77777791e-01 2.50000000e-01
    1.11111112e-01 3.05555552e-01 1.66666672e-01 6.94444418e-01
    3.61111104e-01 2.50000000e-01 4.16666657e-01 3.33333343e-01
    5.83333313e-01 1.66666672e-01 2.50000000e-01 6.38888896e-01
    1.66666672e-01 2.22222224e-01 7.77777791e-01 3.88888896e-01
    1.11111112e-01 2.77777780e-02 2.77777791e-01 3.88888896e-01
    8.33333313e-01 4.44444448e-01 3.33333343e-01 2.22222224e-01
    7.22222209e-01 1.11111112e-01 5.55555560e-02 7.77777791e-01
    2.22222224e-01 5.00000000e-01 3.05555552e-01 4.72222209e-01
    2.50000000e-01 1.11111112e-01 9.16666687e-01 1.66666672e-01
    5.55555560e-02 1.38888896e-01 2.77777791e-01 4.72222209e-01
    8.33333358e-02 1.11111112e-01 8.33333358e-02 5.00000000e-01
    1.38888896e-01 1.38888896e-01 2.50000000e-01 2.77777791e-01
    8.33333358e-02 4.16666657e-01 4.72222209e-01 2.77777791e-01
    5.83333313e-01 1.66666672e-01 2.77777780e-02 2.77777791e-01
    1.38888896e-01 2.77777791e-01 2.77777780e-02 0. 6.11111104e-01
    2.22222224e-01 2.77777791e-01 4.16666657e-01 2.77777780e-02
    2.77777791e-01 7.77777791e-01 2.77777780e-02 4.44444448e-01
    2.50000000e-01 2.50000000e-01 3.33333343e-01 2.77777791e-01
    1.66666672e-01 2.77777791e-01 2.77777780e-02 3.88888896e-01
    9.72222209e-01 1.94444448e-01 1.66666672e-01 8.33333358e-02
    2.77777780e-02 1.38888896e-01 4.16666657e-01 1.66666672e-01
    8.33333358e-02 1.94444448e-01 1.94444448e-01 5.55555560e-02 0.
    2.50000000e-01 1.38888896e-01 1. 3.88888896e-01 2.22222224e-01
    6.94444418e-01 5.27777791e-01 8.05555582e-01 1.94444448e-01
    2.77777791e-01 1.94444448e-01 3.33333343e-01 9.44444418e-01
    1.38888896e-01 2.77777791e-01 5.27777791e-01 4.72222209e-01
    2.50000000e-01 2.22222224e-01 3.61111104e-01 2.77777791e-01
    3.33333343e-01 1.38888896e-01 5.55555560e-02 1.38888896e-01
    1.11111112e-01 1.38888896e-01 1.38888896e-01 9.16666687e-01
    3.61111104e-01 2.22222224e-01 3.88888896e-01 2.77777780e-02
    4.44444448e-01 7.22222209e-01 5.55555560e-02 3.33333343e-01
    1.66666672e-01 2.77777791e-01 2.77777791e-01 3.33333343e-01
    1.94444448e-01 2.22222224e-01 2.22222224e-01 2.50000000e-01
    2.22222224e-01 8.33333358e-02 2.50000000e-01 6.66666687e-01
    5.27777791e-01 4.44444448e-01 3.05555552e-01 8.88888896e-01
    1.38888896e-01 2.22222224e-01 3.61111104e-01 5.83333313e-01
    1.66666672e-01 0. 5.00000000e-01 1. 2.77777791e-01 2.77777791e-01
    2.77777791e-01 2.77777791e-01 3.61111104e-01 3.61111104e-01
    3.33333343e-01 2.77777791e-01 2.22222224e-01 2.77777780e-02
    1.11111112e-01 2.77777791e-01 6.38888896e-01 2.22222224e-01
    1.11111112e-01 4.44444448e-01 3.88888896e-01 6.11111104e-01
    2.77777791e-01 8.33333358e-02 2.22222224e-01 6.38888896e-01
    7.22222209e-01 3.61111104e-01 3.61111104e-01 2.77777780e-02
    3.57142866e-01 5.71428597e-01 9.04761910e-01 9.76190448e-01
    4.76190478e-01 3.80952388e-01 5.71428597e-01 1.42857149e-01
    2.61904776e-01 6.66666687e-01 3.57142866e-01 4.04761910e-01
    1.42857149e-01 5.23809552e-01 1.42857149e-01 4.28571433e-01
    3.09523821e-01 2.61904776e-01 6.19047642e-01 5.00000000e-01
    4.28571433e-01 4.04761910e-01 3.33333343e-01 1.42857149e-01
    4.04761910e-01 6.19047642e-01 1.90476194e-01 1.66666672e-01
    2.61904776e-01 2.85714298e-01 4.52380955e-01 2.61904776e-01
    8.33333313e-01 3.57142866e-01 2.61904776e-01 5.71428597e-01
    2.14285716e-01 7.14285731e-01 5.95238090e-01 6.66666687e-01
    5.00000000e-01 2.14285716e-01 4.28571433e-01 3.09523821e-01
    5.71428597e-01 4.76190478e-01 3.57142866e-01 5.23809552e-01
    4.76190478e-01 3.09523821e-01 2.85714298e-01 5.00000000e-01
    5.23809552e-01 3.09523821e-01 4.76190478e-01 6.42857134e-01
    3.57142866e-01 5.95238090e-01 5.00000000e-01 5.71428597e-01
    2.38095243e-02 3.09523821e-01 2.38095239e-01 5.00000000e-01
    5.00000000e-01 2.85714298e-01 2.14285716e-01 2.85714298e-01
    5.47619045e-01 1.19047619e-01 2.85714298e-01 6.19047642e-01
    2.14285716e-01 4.52380955e-01 5.23809552e-01 7.14285731e-01
    3.09523821e-01 5.47619045e-01 4.04761910e-01 4.04761910e-01
    2.85714298e-01 2.38095243e-02 2.61904776e-01 4.04761910e-01
    7.14285746e-02 2.61904776e-01 7.38095224e-01 3.57142866e-01
    3.80952388e-01 4.28571433e-01 7.14285746e-02 8.57142866e-01
    2.85714298e-01 1.90476194e-01 1.42857149e-01 6.19047642e-01
    6.90476179e-01 3.09523821e-01 2.85714298e-01 3.57142866e-01
    3.33333343e-01 4.28571433e-01 7.14285731e-01 2.38095239e-01
    4.52380955e-01 7.38095224e-01 2.85714298e-01 1.42857149e-01
    3.80952388e-01 2.38095239e-01 3.09523821e-01 4.04761910e-01
    4.28571433e-01 9.76190448e-01 6.66666687e-01 4.04761910e-01
    4.76190478e-01 2.85714298e-01 5.71428597e-01 1.66666672e-01
    6.42857134e-01 4.76190478e-01 3.09523821e-01 3.57142866e-01
    8.09523821e-01 5.00000000e-01 2.61904776e-01 3.80952388e-01
    5.47619045e-01 4.04761910e-01 2.38095239e-01 7.61904776e-01
    8.57142866e-01 3.80952388e-01 4.04761910e-01 5.95238090e-01
    5.71428597e-01 7.38095224e-01 7.38095224e-01 8.80952358e-01
    3.33333343e-01 6.90476179e-01 1.66666672e-01 2.38095239e-01
    8.33333313e-01 2.14285716e-01 4.28571433e-01 6.90476179e-01
    6.19047642e-01 3.33333343e-01 2.61904776e-01 8.57142866e-01
    2.14285716e-01 4.76190485e-02 2.14285716e-01 4.04761910e-01
    5.71428597e-01 2.85714298e-01 3.33333343e-01 3.09523821e-01
    5.71428597e-01 1.90476194e-01 2.38095239e-01 3.80952388e-01
    4.52380955e-01 9.52380955e-01 3.80952388e-01 6.66666687e-01
    2.85714298e-01 5.00000000e-01 2.38095239e-01 4.76190478e-01
    3.33333343e-01 2.38095239e-01 3.33333343e-01 2.85714298e-01
    7.14285746e-02 5.23809552e-01 5.23809552e-01 6.42857134e-01
    4.76190478e-01 4.76190485e-02 2.61904776e-01 9.04761910e-01
    2.14285716e-01 4.52380955e-01 3.80952388e-01 8.57142866e-01
    6.66666687e-01 2.85714298e-01 3.33333343e-01 3.09523821e-01
    9.52380970e-02 5.71428597e-01 8.80952358e-01 5.47619045e-01
    6.19047642e-01 1.19047619e-01 1.90476194e-01 1.90476194e-01
