<?xml version="1.0"?>
<opencv_storage>
<input type_id="opencv-matrix">
  <rows>26</rows>
  <cols>260</cols>
  <dt>f</dt>
  <data>
    1.50000006e-01 4.00000006e-01 2.24999994e-01 5.24999976e-01
    4.74999994e-01 3.24999988e-01 8.50000024e-01 4.25000012e-01
    3.75000000e-01 2.75000006e-01 6.25000000e-01 1.50000006e-01
    6.25000000e-01 2.00000003e-01 5.00000000e-01 2.50000000e-01
    1.25000000e-01 3.24999988e-01 1.50000006e-01 1.74999997e-01
    2.00000003e-01 2.50000000e-01 3.00000012e-01 3.49999994e-01
    7.25000024e-01 9.49999988e-01 5.74999988e-01 2.00000003e-01 0.
    5.24999976e-01 5.74999988e-01 1.50000006e-01 1.00000001e-01
    2.00000003e-01 2.24999994e-01 6.00000024e-01 2.75000006e-01
    6.49999976e-01 5.50000012e-01 5.00000000e-01 4.25000012e-01
    1.50000006e-01 4.25000012e-01 5.24999976e-01 3.00000012e-01
    1.74999997e-01 1.74999997e-01 2.50000004e-02 4.00000006e-01
    5.74999988e-01 5.00000000e-01 2.00000003e-01 2.50000000e-01
    8.00000012e-01 2.50000000e-01 2.50000004e-02 2.50000000e-01
    2.50000004e-02 1.25000000e-01 1.25000000e-01 2.50000000e-01
    2.50000000e-01 2.50000000e-01 2.50000000e-01 2.50000000e-01
    7.50000030e-02 1.50000006e-01 2.50000000e-01 3.75000000e-01
    6.00000024e-01 2.50000004e-02 2.24999994e-01 1.74999997e-01
    2.50000000e-01 2.50000000e-01 1.50000006e-01 3.75000000e-01
    5.24999976e-01 4.49999988e-01 1.50000006e-01 6.49999976e-01
    1.25000000e-01 1.50000006e-01 4.49999988e-01 6.99999988e-01
    3.00000012e-01 5.00000000e-01 2.50000000e-01 5.00000000e-01
    2.75000006e-01 1.74999997e-01 3.00000012e-01 6.49999976e-01
    5.50000012e-01 7.25000024e-01 3.75000000e-01 1.50000006e-01
    3.75000000e-01 1.50000006e-01 5.74999988e-01 3.24999988e-01
    5.24999976e-01 2.50000000e-01 4.00000006e-01 3.00000012e-01
    2.50000000e-01 7.50000030e-02 2.00000003e-01 1.50000006e-01
    2.00000003e-01 1.50000006e-01 1.50000006e-01 1.74999997e-01
    2.50000000e-01 2.50000000e-01 1.00000001e-01 5.24999976e-01
    5.00000000e-01 2.50000000e-01 7.74999976e-01 2.50000000e-01
    2.00000003e-01 2.50000004e-02 2.00000003e-01 1.00000001e-01
    1.50000006e-01 4.49999988e-01 2.00000003e-01 3.75000000e-01
    2.00000003e-01 2.50000004e-02 1.25000000e-01 4.49999988e-01
    1.00000001e-01 2.50000004e-02 5.00000007e-02 3.49999994e-01
    5.50000012e-01 2.00000003e-01 2.50000004e-02 3.49999994e-01
    1.74999997e-01 1.00000001e-01 1.50000006e-01 2.50000004e-02
    1.50000006e-01 5.00000007e-02 4.49999988e-01 1.74999997e-01
    2.50000000e-01 2.75000006e-01 2.50000000e-01 2.24999994e-01
    2.50000004e-02 5.00000000e-01 2.50000000e-01 2.50000004e-02
    2.24999994e-01 1.50000006e-01 2.24999994e-01 2.50000004e-02
    6.25000000e-01 2.50000004e-02 2.75000006e-01 1.74999997e-01
    1.74999997e-01 1.00000001e-01 2.00000003e-01 2.50000004e-02
    6.00000024e-01 2.50000004e-02 2.50000004e-02 1.74999997e-01
    1.25000000e-01 2.50000000e-01 1.50000006e-01 2.50000000e-01
    4.74999994e-01 0. 1.25000000e-01 6.99999988e-01 1.50000006e-01
    2.50000004e-02 1.74999997e-01 2.75000006e-01 2.50000004e-02
    1.74999997e-01 2.00000003e-01 4.74999994e-01 1.50000006e-01
    2.00000003e-01 1.25000000e-01 3.24999988e-01 2.00000003e-01
    1.50000006e-01 6.00000024e-01 2.50000000e-01 2.50000004e-02
    2.00000003e-01 1. 2.00000003e-01 1.25000000e-01 2.50000004e-02
    2.50000004e-02 4.49999988e-01 1.25000000e-01 1.50000006e-01
    2.50000004e-02 7.50000030e-02 1.50000006e-01 3.49999994e-01
    1.74999997e-01 4.25000012e-01 2.50000004e-02 2.50000004e-02 0.
    2.00000003e-01 2.50000004e-02 2.50000000e-01 1.74999997e-01
    2.24999994e-01 7.50000030e-02 1.74999997e-01 1. 2.50000000e-01
    1.00000001e-01 3.75000000e-01 2.50000004e-02 2.00000003e-01
    2.50000000e-01 2.00000003e-01 0. 2.50000000e-01 2.24999994e-01
    1.25000000e-01 2.50000004e-02 2.50000000e-01 1.25000000e-01
    2.50000000e-01 1.25000000e-01 1.74999997e-01 4.25000012e-01
    1.25000000e-01 3.00000012e-01 1.25000000e-01 2.50000004e-02
    1.50000006e-01 2.50000000e-01 1.00000001e-01 8.24999988e-01
    1.00000001e-01 2.50000004e-02 2.50000004e-02 2.75000006e-01
    2.50000004e-02 1.74999997e-01 5.74999988e-01 5.00000000e-01
    3.75000000e-01 2.75000006e-01 1.46341458e-01 5.85365832e-01
    3.41463417e-01 5.60975611e-01 9.02438998e-01 8.78048778e-01
    8.29268277e-01 5.12195110e-01 3.90243888e-01 8.04878056e-01
    7.56097555e-01 4.14634138e-01 7.31707335e-01 3.17073166e-01
    5.36585391e-01 5.12195110e-01 1.95121944e-01 3.17073166e-01
    4.14634138e-01 2.43902445e-01 1.95121944e-01 5.85365832e-01
    4.14634138e-01 3.90243888e-01 9.75609779e-01 9.75609779e-01
    8.04878056e-01 6.09756112e-01 2.19512194e-01 5.60975611e-01
    8.04878056e-01 2.68292695e-01 9.75609720e-02 4.39024389e-01
    5.36585391e-01 7.31707335e-01 2.92682916e-01 8.53658557e-01
    5.36585391e-01 7.80487776e-01 4.87804890e-01 1.95121944e-01
    4.14634138e-01 5.36585391e-01 4.39024389e-01 4.39024389e-01
    4.39024389e-01 2.92682916e-01 3.90243888e-01 6.34146333e-01
    5.36585391e-01 3.41463417e-01 2.68292695e-01 9.51219499e-01
    4.14634138e-01 3.17073166e-01 4.87804890e-01 2.19512194e-01
    4.39024389e-01 2.19512194e-01 2.68292695e-01 4.39024389e-01
    7.56097555e-01 3.65853667e-01 3.90243888e-01 1.95121944e-01
    3.90243888e-01 4.87804890e-01 4.39024389e-01 6.58536613e-01
    1.46341458e-01 5.85365832e-01 1. 5.36585391e-01 4.63414639e-01
    3.90243888e-01 3.65853667e-01 9.02438998e-01 6.09756112e-01
    5.36585391e-01 8.53658557e-01 1.95121944e-01 3.41463417e-01
    4.63414639e-01 6.82926834e-01 2.92682916e-01 5.12195110e-01
    5.85365832e-01 5.36585391e-01 5.60975611e-01 4.14634138e-01
    3.90243888e-01 6.82926834e-01 8.53658557e-01 8.78048778e-01
    4.39024389e-01 4.14634138e-01 3.65853667e-01 2.68292695e-01
    6.82926834e-01 3.17073166e-01 7.07317054e-01 3.90243888e-01
    5.36585391e-01 1. 4.87804890e-01 3.65853667e-01 4.39024389e-01
    6.34146333e-01 6.58536613e-01 4.39024389e-01 1.70731708e-01
    1.95121944e-01 3.65853667e-01 5.60975611e-01 5.85365832e-01
    7.80487776e-01 5.60975611e-01 5.85365832e-01 9.02438998e-01
    5.85365832e-01 3.41463417e-01 4.14634138e-01 2.19512194e-01
    3.41463417e-01 6.09756112e-01 5.12195110e-01 2.68292695e-01
    6.58536613e-01 2.92682916e-01 1.21951222e-01 6.58536613e-01
    8.04878056e-01 3.41463417e-01 2.68292695e-01 2.68292695e-01
    3.41463417e-01 5.36585391e-01 1.95121944e-01 9.75609720e-02
    6.82926834e-01 1.95121944e-01 2.68292695e-01 1.95121944e-01
    4.87804860e-02 3.17073166e-01 4.87804860e-02 4.39024389e-01
    9.75609779e-01 3.41463417e-01 3.65853667e-01 2.43902445e-01
    4.14634138e-01 7.31707290e-02 7.80487776e-01 4.14634138e-01
    3.17073166e-01 5.36585391e-01 1.95121944e-01 7.56097555e-01
    7.31707290e-02 7.07317054e-01 1.95121944e-01 2.68292695e-01
    3.17073166e-01 3.41463417e-01 2.68292695e-01 7.07317054e-01
    1.46341458e-01 9.02438998e-01 1.95121944e-01 3.65853667e-01
    2.68292695e-01 5.60975611e-01 7.07317054e-01 2.92682916e-01
    3.17073166e-01 5.12195110e-01 0. 2.68292695e-01 6.82926834e-01
    6.09756112e-01 7.31707290e-02 2.68292695e-01 3.90243888e-01
    2.43902430e-02 4.87804890e-01 2.92682916e-01 6.34146333e-01
    3.65853667e-01 5.60975611e-01 2.43902445e-01 4.14634138e-01
    5.12195110e-01 1.46341458e-01 9.02438998e-01 8.29268277e-01
    3.41463417e-01 3.65853667e-01 9.75609779e-01 5.60975611e-01
    2.43902445e-01 1.70731708e-01 7.31707290e-02 8.04878056e-01
    9.26829278e-01 6.34146333e-01 1.95121944e-01 3.90243888e-01
    2.68292695e-01 9.26829278e-01 4.63414639e-01 4.63414639e-01
    4.14634138e-01 2.92682916e-01 0. 2.43902445e-01 2.43902430e-02
    5.36585391e-01 4.14634138e-01 3.90243888e-01 7.80487776e-01
    6.09756112e-01 9.75609779e-01 2.92682916e-01 2.68292695e-01
    4.14634138e-01 1.46341458e-01 5.36585391e-01 4.39024389e-01
    3.90243888e-01 0. 4.63414639e-01 4.39024389e-01 7.80487776e-01
    9.75609720e-02 3.41463417e-01 3.90243888e-01 3.41463417e-01
