<?xml version="1.0"?>
<opencv_storage>
<input type_id="opencv-matrix">
  <rows>36</rows>
  <cols>260</cols>
  <dt>f</dt>
  <data>
    1.50000006e-01 3.24999988e-01 1.25000000e-01 5.50000012e-01
    1.74999997e-01 1.74999997e-01 2.50000000e-01 1.00000001e-01
    3.24999988e-01 1.00000001e-01 4.00000006e-01 6.00000024e-01
    2.50000000e-01 5.00000000e-01 2.24999994e-01 2.50000000e-01
    3.24999988e-01 2.50000000e-01 2.50000000e-01 1.50000006e-01
    3.00000012e-01 5.00000000e-01 3.00000012e-01 2.50000000e-01
    9.49999988e-01 2.24999994e-01 2.50000004e-02 3.24999988e-01
    7.50000030e-02 1.25000000e-01 6.00000024e-01 1.50000006e-01
    2.00000003e-01 6.25000000e-01 2.50000000e-01 6.75000012e-01
    5.00000000e-01 7.50000030e-02 2.24999994e-01 5.00000007e-02
    2.00000003e-01 6.25000000e-01 2.50000000e-01 8.99999976e-01
    1.50000006e-01 5.00000000e-01 2.00000003e-01 2.50000000e-01
    2.24999994e-01 1.50000006e-01 1.00000001e-01 5.50000012e-01
    1.50000006e-01 2.50000000e-01 5.24999976e-01 4.74999994e-01
    3.24999988e-01 1.74999997e-01 1.74999997e-01 2.50000000e-01
    5.00000000e-01 2.50000004e-02 5.50000012e-01 2.24999994e-01
    5.74999988e-01 7.50000030e-02 1.50000006e-01 2.24999994e-01
    2.50000000e-01 2.75000006e-01 1.50000006e-01 1.25000000e-01
    1.25000000e-01 5.74999988e-01 1.50000006e-01 3.75000000e-01
    2.50000000e-01 2.75000006e-01 2.50000000e-01 1.50000006e-01
    6.00000024e-01 4.25000012e-01 4.25000012e-01 2.24999994e-01
    7.50000030e-02 3.75000000e-01 4.74999994e-01 1.74999997e-01
    1.50000006e-01 4.49999988e-01 0. 2.50000000e-01 2.00000003e-01
    2.00000003e-01 2.50000000e-01 2.24999994e-01 2.50000004e-02
    1.00000001e-01 5.50000012e-01 7.50000030e-02 3.00000012e-01
    4.49999988e-01 2.24999994e-01 1.00000001e-01 1.50000006e-01
    2.75000006e-01 2.00000003e-01 5.00000007e-02 4.25000012e-01
    3.75000000e-01 1.25000000e-01 4.00000006e-01 3.00000012e-01
    7.50000030e-02 2.00000003e-01 5.00000007e-02 2.24999994e-01
    6.49999976e-01 1.25000000e-01 2.50000004e-02 1.25000000e-01
    3.00000012e-01 2.50000000e-01 2.75000006e-01 1.25000000e-01
    8.00000012e-01 4.25000012e-01 7.74999976e-01 2.24999994e-01
    3.00000012e-01 2.50000004e-02 1.25000000e-01 4.49999988e-01
    1.00000001e-01 2.50000004e-02 5.00000007e-02 3.49999994e-01
    5.50000012e-01 2.00000003e-01 2.50000004e-02 3.49999994e-01
    1.74999997e-01 1.00000001e-01 1.50000006e-01 2.50000004e-02
    1.50000006e-01 5.00000007e-02 4.49999988e-01 1.74999997e-01
    2.50000000e-01 2.75000006e-01 2.50000000e-01 2.24999994e-01
    2.50000004e-02 5.00000000e-01 2.50000000e-01 2.50000004e-02
    2.24999994e-01 1.50000006e-01 2.24999994e-01 2.50000004e-02
    6.25000000e-01 2.50000004e-02 2.75000006e-01 1.74999997e-01
    1.74999997e-01 1.00000001e-01 2.00000003e-01 2.50000004e-02
    6.00000024e-01 2.50000004e-02 2.50000004e-02 1.74999997e-01
    1.25000000e-01 2.50000000e-01 1.50000006e-01 2.50000000e-01
    4.74999994e-01 0. 1.25000000e-01 6.99999988e-01 1.50000006e-01
    2.50000004e-02 1.74999997e-01 2.75000006e-01 2.50000004e-02
    1.74999997e-01 2.00000003e-01 4.74999994e-01 1.50000006e-01
    2.00000003e-01 1.25000000e-01 3.24999988e-01 2.00000003e-01
    1.50000006e-01 6.00000024e-01 2.50000000e-01 2.50000004e-02
    2.00000003e-01 1. 2.00000003e-01 1.25000000e-01 2.50000004e-02
    2.50000004e-02 4.49999988e-01 1.25000000e-01 1.50000006e-01
    2.50000004e-02 7.50000030e-02 1.50000006e-01 3.49999994e-01
    1.74999997e-01 4.25000012e-01 2.50000004e-02 2.50000004e-02 0.
    2.00000003e-01 2.50000004e-02 2.50000000e-01 1.74999997e-01
    2.24999994e-01 7.50000030e-02 1.74999997e-01 1. 2.50000000e-01
    1.00000001e-01 3.75000000e-01 2.50000004e-02 2.00000003e-01
    2.50000000e-01 2.00000003e-01 0. 2.50000000e-01 2.24999994e-01
    1.25000000e-01 2.50000004e-02 2.50000000e-01 1.25000000e-01
    2.50000000e-01 1.25000000e-01 1.74999997e-01 4.25000012e-01
    1.25000000e-01 3.00000012e-01 1.25000000e-01 2.50000004e-02
    1.50000006e-01 2.50000000e-01 1.00000001e-01 8.24999988e-01
    1.00000001e-01 2.50000004e-02 2.50000004e-02 2.75000006e-01
    2.50000004e-02 1.74999997e-01 5.74999988e-01 5.00000000e-01
    3.75000000e-01 2.75000006e-01 2.14285716e-01 3.09523821e-01
    4.04761910e-01 5.23809552e-01 4.28571433e-01 2.14285716e-01
    4.28571433e-01 3.33333343e-01 7.14285731e-01 6.90476179e-01
    6.66666687e-01 9.52380955e-01 3.09523821e-01 6.90476179e-01
    3.33333343e-01 4.76190478e-01 5.00000000e-01 2.85714298e-01
    3.09523821e-01 4.28571433e-01 3.80952388e-01 6.42857134e-01 1.
    4.76190478e-01 9.52380955e-01 3.09523821e-01 2.85714298e-01
    3.09523821e-01 9.52380970e-02 1.90476194e-01 8.57142866e-01
    2.61904776e-01 5.95238090e-01 6.66666687e-01 4.76190478e-01
    7.14285731e-01 8.57142866e-01 9.52380970e-02 2.85714298e-01
    3.33333343e-01 6.19047642e-01 7.14285731e-01 4.76190478e-01
    8.57142866e-01 2.14285716e-01 5.23809552e-01 4.28571433e-01
    3.09523821e-01 2.14285716e-01 2.14285716e-01 2.38095239e-01
    6.42857134e-01 3.09523821e-01 5.71428597e-01 5.47619045e-01
    5.71428597e-01 8.57142866e-01 2.38095239e-01 5.71428597e-01
    4.28571433e-01 4.76190478e-01 2.61904776e-01 5.95238090e-01
    6.90476179e-01 6.19047642e-01 4.04761910e-01 3.80952388e-01
    5.00000000e-01 2.61904776e-01 3.57142866e-01 2.14285716e-01
    2.14285716e-01 4.28571433e-01 8.57142866e-01 3.80952388e-01
    3.80952388e-01 4.52380955e-01 7.14285731e-01 2.61904776e-01
    2.85714298e-01 6.42857134e-01 4.04761910e-01 7.38095224e-01
    4.52380955e-01 3.09523821e-01 3.57142866e-01 4.52380955e-01
    5.00000000e-01 1.66666672e-01 8.09523821e-01 0. 4.76190478e-01
    5.71428597e-01 6.42857134e-01 3.57142866e-01 3.80952388e-01
    3.09523821e-01 4.28571433e-01 5.47619045e-01 3.09523821e-01
    3.33333343e-01 5.23809552e-01 6.19047642e-01 9.52380970e-02
    2.61904776e-01 3.09523821e-01 4.52380955e-01 3.09523821e-01
    4.76190478e-01 4.52380955e-01 4.04761910e-01 5.47619045e-01
    4.76190478e-01 7.14285746e-02 3.57142866e-01 4.76190478e-01
    5.00000000e-01 6.19047642e-01 2.38095239e-01 1.42857149e-01
    2.14285716e-01 2.85714298e-01 2.38095239e-01 2.85714298e-01
    3.33333343e-01 9.28571403e-01 5.00000000e-01 8.09523821e-01
    6.42857134e-01 3.33333343e-01 1.19047619e-01 6.42857134e-01
    7.85714269e-01 3.33333343e-01 2.61904776e-01 2.61904776e-01
    3.33333343e-01 5.23809552e-01 1.90476194e-01 9.52380970e-02
    6.66666687e-01 1.90476194e-01 2.61904776e-01 1.90476194e-01
    4.76190485e-02 3.09523821e-01 4.76190485e-02 4.28571433e-01
    9.52380955e-01 3.33333343e-01 3.57142866e-01 2.38095239e-01
    4.04761910e-01 7.14285746e-02 7.61904776e-01 4.04761910e-01
    3.09523821e-01 5.23809552e-01 1.90476194e-01 7.38095224e-01
    7.14285746e-02 6.90476179e-01 1.90476194e-01 2.61904776e-01
    3.09523821e-01 3.33333343e-01 2.61904776e-01 6.90476179e-01
    1.42857149e-01 8.80952358e-01 1.90476194e-01 3.57142866e-01
    2.61904776e-01 5.47619045e-01 6.90476179e-01 2.85714298e-01
    3.09523821e-01 5.00000000e-01 0. 2.61904776e-01 6.66666687e-01
    5.95238090e-01 7.14285746e-02 2.61904776e-01 3.80952388e-01
    2.38095243e-02 4.76190478e-01 2.85714298e-01 6.19047642e-01
    3.57142866e-01 5.47619045e-01 2.38095239e-01 4.04761910e-01
    5.00000000e-01 1.42857149e-01 8.80952358e-01 8.09523821e-01
    3.33333343e-01 3.57142866e-01 9.52380955e-01 5.47619045e-01
    2.38095239e-01 1.66666672e-01 7.14285746e-02 7.85714269e-01
    9.04761910e-01 6.19047642e-01 1.90476194e-01 3.80952388e-01
    2.61904776e-01 9.04761910e-01 4.52380955e-01 4.52380955e-01
    4.04761910e-01 2.85714298e-01 0. 2.38095239e-01 2.38095243e-02
    5.23809552e-01 4.04761910e-01 3.80952388e-01 7.61904776e-01
    5.95238090e-01 9.52380955e-01 2.85714298e-01 2.61904776e-01
    4.04761910e-01 1.42857149e-01 5.23809552e-01 4.28571433e-01
    3.80952388e-01 0. 4.52380955e-01 4.28571433e-01 7.61904776e-01
    9.52380970e-02 3.33333343e-01 3.80952388e-01 3.33333343e-01
